Date,Open,High,Low,Close,Volume,Adj Close
2015-01-01,0.17333,0.17333,0.17333,0.17333,000,0.17333
2015-01-02,0.17333,0.17333,0.17333,0.17333,000,0.17333
2015-01-05,0.17333,0.17333,0.17333,0.17333,000,0.17333
2015-01-06,0.17333,0.17333,0.17333,0.17333,000,0.17333
2015-01-07,0.17333,0.17333,0.17333,0.17333,000,0.17333
2015-01-08,0.17333,0.17333,0.17333,0.17333,000,0.17333
2015-01-09,0.17333,0.17333,0.17333,0.17333,000,0.17333
2015-01-12,0.17333,0.17333,0.17333,0.17333,000,0.17333
2015-01-13,0.17333,0.17333,0.17333,0.17333,000,0.17333
2015-01-14,0.17333,0.17333,0.17333,0.17333,000,0.17333
2015-01-15,0.17333,0.17333,0.17333,0.17333,000,0.17333
2015-01-16,0.17333,0.17333,0.17333,0.17333,000,0.17333
2015-01-19,0.17333,0.17333,0.17333,0.17333,000,0.17333
2015-01-20,0.17333,0.17333,0.17333,0.17333,000,0.17333
2015-01-21,0.17333,0.17333,0.17333,0.17333,000,0.17333
2015-01-22,0.17333,0.17333,0.17333,0.17333,000,0.17333
2015-01-23,0.20,0.22,0.20,0.22,80000,0.22
2015-01-26,0.22,0.22,0.22,0.22,000,0.22
2015-01-27,0.225,0.23,0.22,0.22,61200,0.22
2015-01-28,0.20,0.20,0.19,0.19,19400,0.19
2015-01-29,0.19,0.22,0.19,0.22,11300,0.22
2015-01-30,0.19,0.19,0.19,0.19,3700,0.19
2015-02-02,0.19,0.19,0.19,0.19,000,0.19
2015-02-03,0.20,0.20,0.20,0.20,67300,0.20
2015-02-04,0.20,0.20,0.20,0.20,000,0.20
2015-02-05,0.20,0.20,0.20,0.20,000,0.20
2015-02-06,0.185,0.185,0.185,0.185,1300,0.185
2015-02-09,0.185,0.185,0.185,0.185,2500,0.185
2015-02-10,0.185,0.185,0.17,0.17,118600,0.17
2015-02-11,0.17,0.17,0.17,0.17,000,0.17
2015-02-12,0.17,0.17,0.17,0.17,000,0.17
2015-02-13,0.17,0.17,0.17,0.17,9300,0.17
2015-02-16,0.17,0.17,0.17,0.17,10000,0.17
2015-02-17,0.175,0.19,0.175,0.19,147400,0.19
2015-02-18,0.20,0.20,0.19,0.19,163900,0.19
2015-02-19,0.195,0.195,0.185,0.185,98600,0.185
2015-02-20,0.185,0.185,0.185,0.185,50400,0.185
2015-02-23,0.185,0.185,0.185,0.185,3000,0.185
2015-02-24,0.185,0.185,0.185,0.185,15400,0.185
2015-02-25,0.18,0.195,0.18,0.185,310000,0.185
2015-02-26,0.20,0.20,0.185,0.185,12200,0.185
2015-02-27,0.185,0.185,0.185,0.185,000,0.185
2015-03-02,0.215,0.215,0.195,0.195,17000,0.195
2015-03-03,0.22,0.28,0.22,0.22,403000,0.22
2015-03-04,0.22,0.225,0.21,0.225,54300,0.225
2015-03-05,0.23,0.23,0.23,0.23,5000,0.23
2015-03-06,0.22,0.22,0.20,0.20,67500,0.20
2015-03-09,0.20,0.20,0.20,0.20,10600,0.20
2015-03-10,0.20,0.20,0.20,0.20,000,0.20
2015-03-11,0.20,0.20,0.20,0.20,000,0.20
2015-03-12,0.22,0.245,0.22,0.245,49200,0.245
2015-03-13,0.22,0.225,0.22,0.225,3300,0.225
2015-03-16,0.20,0.22,0.19,0.20,122500,0.20
2015-03-17,0.18,0.18,0.18,0.18,16000,0.18
2015-03-18,0.18,0.18,0.175,0.175,16900,0.175
2015-03-19,0.19,0.19,0.185,0.185,51800,0.185
2015-03-20,0.18,0.18,0.18,0.18,136500,0.18
2015-03-23,0.18,0.18,0.175,0.18,110000,0.18
2015-03-24,0.18,0.18,0.18,0.18,25000,0.18
2015-03-25,0.18,0.18,0.18,0.18,30000,0.18
2015-03-26,0.175,0.175,0.175,0.175,5000,0.175
2015-03-27,0.18,0.18,0.175,0.175,45000,0.175
2015-03-30,0.175,0.175,0.175,0.175,7700,0.175
2015-03-31,0.18,0.18,0.18,0.18,10000,0.18
2015-04-01,0.18,0.18,0.18,0.18,000,0.18
2015-04-02,0.18,0.18,0.18,0.18,000,0.18
2015-04-03,0.18,0.18,0.18,0.18,000,0.18
2015-04-06,0.18,0.18,0.18,0.18,000,0.18
2015-04-07,0.175,0.175,0.175,0.175,38700,0.175
2015-04-08,0.175,0.175,0.175,0.175,000,0.175
2015-04-09,0.175,0.175,0.175,0.175,000,0.175
2015-04-10,0.17,0.175,0.17,0.175,15700,0.175
2015-04-13,0.17,0.175,0.17,0.175,20900,0.175
2015-04-14,0.18,0.18,0.18,0.18,10000,0.18
2015-04-15,0.18,0.18,0.18,0.18,000,0.18
2015-04-16,0.18,0.18,0.17,0.17,7300,0.17
2015-04-17,0.17,0.18,0.17,0.18,26300,0.18
2015-04-20,0.17,0.17,0.17,0.17,47000,0.17
2015-04-21,0.17,0.17,0.17,0.17,000,0.17
2015-04-22,0.17,0.17,0.17,0.17,1800,0.17
2015-04-23,0.17,0.17,0.17,0.17,000,0.17
2015-04-24,0.16,0.16,0.16,0.16,3000,0.16
2015-04-27,0.16,0.16,0.16,0.16,000,0.16
2015-04-28,0.17,0.17,0.17,0.17,7700,0.17
2015-04-29,0.17,0.17,0.17,0.17,17200,0.17
2015-04-30,0.17,0.17,0.17,0.17,30000,0.17
2015-05-01,0.17,0.17,0.16,0.16,20000,0.16
2015-05-04,0.16,0.16,0.16,0.16,000,0.16
2015-05-05,0.17,0.18,0.17,0.18,26100,0.18
2015-05-06,0.175,0.175,0.17,0.175,130000,0.175
2015-05-07,0.18,0.18,0.18,0.18,276200,0.18
2015-05-08,0.18,0.18,0.175,0.175,75200,0.175
2015-05-11,0.18,0.19,0.175,0.175,484000,0.175
2015-05-12,0.18,0.185,0.18,0.185,607600,0.185
2015-05-13,0.19,0.22,0.19,0.21,271700,0.21
2015-05-14,0.21,0.22,0.20,0.21,236700,0.21
2015-05-15,0.205,0.21,0.205,0.205,289300,0.205
2015-05-18,0.20,0.20,0.195,0.195,94500,0.195
2015-05-19,0.195,0.195,0.185,0.185,30000,0.185
2015-05-20,0.19,0.195,0.18,0.195,77400,0.195
2015-05-21,0.19,0.19,0.17,0.17,184000,0.17
2015-05-22,0.18,0.22,0.18,0.20,988300,0.20
2015-05-25,0.20,0.20,0.19,0.19,176900,0.19
2015-05-26,0.19,0.19,0.18,0.18,35000,0.18
2015-05-27,0.18,0.18,0.165,0.165,104000,0.165
2015-05-28,0.19,0.215,0.19,0.20,246800,0.20
2015-05-29,0.205,0.21,0.205,0.205,117000,0.205
2015-06-01,0.21,0.21,0.195,0.195,105200,0.195
2015-06-02,0.195,0.195,0.195,0.195,115000,0.195
2015-06-03,0.19,0.19,0.19,0.19,15000,0.19
2015-06-04,0.19,0.19,0.19,0.19,000,0.19
2015-06-05,0.19,0.19,0.19,0.19,000,0.19
2015-06-08,0.19,0.19,0.19,0.19,000,0.19
2015-06-09,0.185,0.185,0.185,0.185,50000,0.185
2015-06-10,0.19,0.195,0.19,0.195,70000,0.195
2015-06-11,0.19,0.20,0.19,0.20,21000,0.20
2015-06-12,0.20,0.20,0.20,0.20,000,0.20
2015-06-15,0.20,0.20,0.20,0.20,000,0.20
2015-06-16,0.20,0.20,0.20,0.20,000,0.20
2015-06-17,0.185,0.185,0.18,0.18,75000,0.18
2015-06-18,0.18,0.18,0.18,0.18,25000,0.18
2015-06-19,0.18,0.18,0.18,0.18,000,0.18
2015-06-22,0.18,0.18,0.18,0.18,1600,0.18
2015-06-23,0.18,0.18,0.18,0.18,000,0.18
2015-06-24,0.18,0.18,0.17,0.17,23100,0.17
2015-06-25,0.17,0.17,0.17,0.17,000,0.17
2015-06-26,0.17,0.17,0.17,0.17,000,0.17
2015-06-29,0.17,0.17,0.17,0.17,000,0.17
2015-06-30,0.17,0.17,0.17,0.17,000,0.17
2015-07-01,0.17,0.17,0.17,0.17,000,0.17
2015-07-02,0.17,0.17,0.17,0.17,000,0.17
2015-07-03,0.17,0.17,0.17,0.17,000,0.17
2015-07-06,0.20,0.20,0.19,0.195,360400,0.195
2015-07-07,0.195,0.21,0.195,0.20,218200,0.20
2015-07-08,0.20,0.20,0.20,0.20,187700,0.20
2015-07-09,0.195,0.20,0.195,0.20,298700,0.20
2015-07-10,0.20,0.20,0.20,0.20,3000,0.20
2015-07-13,0.20,0.20,0.20,0.20,9500,0.20
2015-07-14,0.20,0.215,0.20,0.215,125800,0.215
2015-07-15,0.22,0.22,0.20,0.20,100600,0.20
2015-07-16,0.20,0.215,0.20,0.215,48500,0.215
2015-07-17,0.20,0.215,0.19,0.215,20600,0.215
2015-07-20,0.205,0.215,0.20,0.215,37000,0.215
2015-07-21,0.20,0.21,0.20,0.20,19900,0.20
2015-07-22,0.21,0.21,0.21,0.21,3000,0.21
2015-07-23,0.20,0.21,0.20,0.20,82000,0.20
2015-07-24,0.20,0.20,0.20,0.20,17400,0.20
2015-07-27,0.20,0.20,0.195,0.195,6300,0.195
2015-07-28,0.195,0.20,0.19,0.20,52300,0.20
2015-07-29,0.20,0.20,0.20,0.20,13000,0.20
2015-07-30,0.19,0.19,0.19,0.19,20300,0.19
2015-07-31,0.195,0.20,0.185,0.20,63500,0.20
2015-08-03,0.19,0.195,0.19,0.19,22100,0.19
2015-08-04,0.19,0.195,0.19,0.195,40600,0.195
2015-08-05,0.19,0.19,0.17,0.17,20000,0.17
2015-08-06,0.195,0.20,0.195,0.20,63800,0.20
2015-08-07,0.195,0.20,0.195,0.20,4100,0.20
2015-08-10,0.20,0.20,0.20,0.20,000,0.20
2015-08-11,0.20,0.20,0.20,0.20,000,0.20
2015-08-12,0.185,0.195,0.185,0.195,7400,0.195
2015-08-13,0.195,0.195,0.195,0.195,000,0.195
2015-08-14,0.185,0.185,0.185,0.185,85100,0.185
2015-08-17,0.19,0.19,0.18,0.185,81000,0.185
2015-08-18,0.185,0.185,0.185,0.185,000,0.185
2015-08-19,0.18,0.18,0.18,0.18,98800,0.18
2015-08-20,0.18,0.18,0.18,0.18,30000,0.18
2015-08-21,0.18,0.18,0.175,0.175,71100,0.175
2015-08-24,0.165,0.165,0.16,0.16,25000,0.16
2015-08-25,0.16,0.16,0.16,0.16,000,0.16
2015-08-26,0.16,0.16,0.16,0.16,6500,0.16
2015-08-27,0.16,0.185,0.16,0.175,21900,0.175
2015-08-28,0.185,0.185,0.18,0.18,37300,0.18
2015-08-31,0.175,0.175,0.175,0.175,6300,0.175
2015-09-01,0.18,0.18,0.175,0.175,130000,0.175
2015-09-02,0.175,0.175,0.175,0.175,000,0.175
2015-09-03,0.175,0.175,0.175,0.175,000,0.175
2015-09-04,0.18,0.195,0.18,0.195,35200,0.195
2015-09-07,0.195,0.195,0.195,0.195,000,0.195
2015-09-08,0.195,0.195,0.195,0.195,25500,0.195
2015-09-09,0.185,0.19,0.185,0.19,18000,0.19
2015-09-10,0.18,0.18,0.18,0.18,50000,0.18
2015-09-11,0.185,0.185,0.185,0.185,133100,0.185
2015-09-14,0.185,0.19,0.185,0.19,12500,0.19
2015-09-15,0.19,0.19,0.19,0.19,000,0.19
2015-09-16,0.185,0.185,0.185,0.185,1900,0.185
2015-09-17,0.18,0.19,0.18,0.19,6000,0.19
2015-09-18,0.19,0.19,0.19,0.19,000,0.19
2015-09-21,0.19,0.19,0.19,0.19,000,0.19
2015-09-22,0.18,0.18,0.18,0.18,40000,0.18
2015-09-23,0.18,0.18,0.18,0.18,000,0.18
2015-09-24,0.18,0.18,0.18,0.18,000,0.18
2015-09-25,0.18,0.18,0.18,0.18,17000,0.18
2015-09-28,0.18,0.18,0.18,0.18,000,0.18
2015-09-29,0.18,0.18,0.17,0.17,50000,0.17
2015-09-30,0.17,0.17,0.17,0.17,000,0.17
2015-10-01,0.17,0.17,0.17,0.17,000,0.17
2015-10-02,0.17,0.17,0.17,0.17,000,0.17
2015-10-05,0.17,0.17,0.17,0.17,000,0.17
2015-10-06,0.18,0.18,0.18,0.18,1700,0.18
2015-10-07,0.175,0.175,0.165,0.165,65500,0.165
2015-10-08,0.165,0.165,0.165,0.165,000,0.165
2015-10-09,0.165,0.165,0.165,0.165,000,0.165
2015-10-12,0.165,0.165,0.165,0.165,000,0.165
2015-10-13,0.165,0.165,0.165,0.165,000,0.165
2015-10-14,0.165,0.165,0.165,0.165,000,0.165
2015-10-15,0.165,0.165,0.165,0.165,000,0.165
2015-10-16,0.165,0.165,0.165,0.165,000,0.165
2015-10-19,0.165,0.165,0.165,0.165,000,0.165
2015-10-20,0.165,0.165,0.165,0.165,000,0.165
2015-10-21,0.165,0.165,0.165,0.165,000,0.165
2015-10-22,0.165,0.165,0.165,0.165,000,0.165
2015-10-23,0.175,0.175,0.175,0.175,3000,0.175
2015-10-26,0.175,0.175,0.175,0.175,000,0.175
2015-10-27,0.175,0.175,0.175,0.175,000,0.175
2015-10-28,0.175,0.175,0.175,0.175,000,0.175
2015-10-29,0.155,0.175,0.15,0.175,46900,0.175
2015-10-30,0.175,0.175,0.175,0.175,000,0.175
2015-11-02,0.175,0.175,0.175,0.175,000,0.175
2015-11-03,0.175,0.175,0.155,0.155,23100,0.155
2015-11-04,0.155,0.175,0.155,0.175,6000,0.175
2015-11-05,0.15,0.15,0.15,0.15,20000,0.15
2015-11-06,0.135,0.155,0.135,0.155,202000,0.155
2015-11-09,0.155,0.155,0.155,0.155,000,0.155
2015-11-10,0.155,0.155,0.155,0.155,000,0.155
2015-11-11,0.13,0.13,0.13,0.13,24000,0.13
2015-11-12,0.13,0.13,0.13,0.13,5600,0.13
2015-11-13,0.125,0.125,0.125,0.125,80000,0.125
2015-11-16,0.135,0.135,0.135,0.135,1000,0.135
2015-11-17,0.14,0.165,0.14,0.15,615900,0.15
2015-11-18,0.145,0.15,0.145,0.15,9600,0.15
2015-11-19,0.15,0.175,0.15,0.175,35000,0.175
2015-11-20,0.14,0.175,0.135,0.135,479800,0.135
2015-11-23,0.175,0.18,0.17,0.18,116000,0.18
2015-11-24,0.18,0.18,0.18,0.18,000,0.18
2015-11-25,0.18,0.18,0.18,0.18,000,0.18
2015-11-26,0.18,0.18,0.18,0.18,000,0.18
2015-11-27,0.175,0.175,0.175,0.175,35000,0.175
2015-11-30,0.175,0.175,0.175,0.175,000,0.175
2015-12-01,0.175,0.175,0.175,0.175,000,0.175
2015-12-02,0.16,0.17,0.16,0.165,515600,0.165
2015-12-03,0.165,0.175,0.165,0.175,364700,0.175
2015-12-04,0.18,0.18,0.175,0.18,234200,0.18
2015-12-07,0.17,0.17,0.17,0.17,277300,0.17
2015-12-08,0.16,0.16,0.15,0.15,2381400,0.15
2015-12-09,0.15,0.16,0.14,0.15,59000,0.15
2015-12-10,0.15,0.16,0.15,0.16,78000,0.16
2015-12-11,0.15,0.15,0.15,0.15,381600,0.15
2015-12-14,0.145,0.145,0.14,0.145,803000,0.145
2015-12-15,0.14,0.145,0.14,0.14,410000,0.14
2015-12-16,0.14,0.14,0.14,0.14,492100,0.14
2015-12-17,0.14,0.14,0.14,0.14,58700,0.14
2015-12-18,0.14,0.14,0.135,0.14,637800,0.14
2015-12-21,0.14,0.14,0.14,0.14,1379300,0.14
2015-12-22,0.14,0.14,0.135,0.14,1449300,0.14
2015-12-23,0.14,0.14,0.14,0.14,59200,0.14
2015-12-24,0.14,0.14,0.135,0.14,141700,0.14
2015-12-25,0.14,0.14,0.14,0.14,000,0.14
2015-12-28,0.14,0.14,0.14,0.14,000,0.14
2015-12-29,0.14,0.14,0.14,0.14,000,0.14
2015-12-30,0.15,0.155,0.15,0.155,49200,0.155
2015-12-31,0.155,0.155,0.155,0.155,000,0.155
2016-01-01,0.155,0.155,0.155,0.155,000,0.155
2016-01-04,0.155,0.155,0.155,0.155,000,0.155
2016-01-05,0.15,0.155,0.15,0.155,368000,0.155
2016-01-06,0.155,0.155,0.155,0.155,24000,0.155
2016-01-07,0.16,0.16,0.15,0.15,238200,0.15
2016-01-08,0.15,0.17,0.15,0.165,461300,0.165
2016-01-11,0.175,0.175,0.165,0.165,621300,0.165
2016-01-12,0.165,0.17,0.16,0.17,1063000,0.17
2016-01-13,0.165,0.175,0.16,0.175,827900,0.175
2016-01-14,0.17,0.17,0.16,0.16,525800,0.16
2016-01-15,0.165,0.165,0.16,0.16,124700,0.16
2016-01-18,0.16,0.16,0.155,0.155,508400,0.155
2016-01-19,0.155,0.16,0.155,0.155,38400,0.155
2016-01-20,0.155,0.155,0.15,0.15,172500,0.15
2016-01-21,0.145,0.155,0.145,0.155,213900,0.155
2016-01-22,0.155,0.155,0.155,0.155,25900,0.155
2016-01-25,0.15,0.155,0.15,0.155,36200,0.155
2016-01-26,0.155,0.155,0.155,0.155,000,0.155
2016-01-27,0.155,0.16,0.155,0.16,105000,0.16
2016-01-28,0.16,0.16,0.16,0.16,60000,0.16
2016-01-29,0.16,0.165,0.16,0.165,316200,0.165
2016-02-01,0.165,0.21,0.165,0.21,1211200,0.21
2016-02-02,0.205,0.22,0.20,0.21,1119700,0.21
2016-02-03,0.22,0.23,0.20,0.225,756700,0.225
2016-02-04,0.225,0.24,0.22,0.24,826400,0.24
2016-02-05,0.24,0.25,0.22,0.22,683200,0.22
2016-02-08,0.225,0.225,0.22,0.22,305200,0.22
2016-02-09,0.215,0.22,0.20,0.205,1128100,0.205
2016-02-10,0.20,0.205,0.195,0.205,446400,0.205
2016-02-11,0.20,0.20,0.20,0.20,113800,0.20
2016-02-12,0.20,0.20,0.20,0.20,275000,0.20
2016-02-15,0.21,0.21,0.20,0.20,31400,0.20
2016-02-16,0.205,0.205,0.19,0.195,561200,0.195
2016-02-17,0.20,0.215,0.20,0.215,170000,0.215
2016-02-18,0.21,0.21,0.205,0.205,22700,0.205
2016-02-19,0.21,0.225,0.207,0.215,78000,0.215
2016-02-22,0.205,0.205,0.19,0.20,970300,0.20
2016-02-23,0.205,0.21,0.205,0.21,36500,0.21
2016-02-24,0.205,0.205,0.20,0.20,38000,0.20
2016-02-25,0.20,0.20,0.195,0.195,186200,0.195
2016-02-26,0.185,0.20,0.185,0.20,42100,0.20
2016-02-29,0.20,0.21,0.20,0.21,126500,0.21
2016-03-01,0.21,0.21,0.20,0.20,75000,0.20
2016-03-02,0.20,0.21,0.20,0.21,30000,0.21
2016-03-03,0.21,0.21,0.21,0.21,000,0.21
2016-03-04,0.21,0.21,0.21,0.21,000,0.21
2016-03-07,0.20,0.205,0.20,0.205,101100,0.205
2016-03-08,0.195,0.195,0.195,0.195,8000,0.195
2016-03-09,0.195,0.205,0.19,0.205,660700,0.205
2016-03-10,0.205,0.21,0.20,0.20,215000,0.20
2016-03-11,0.20,0.20,0.195,0.20,369800,0.20
2016-03-14,0.205,0.205,0.195,0.195,332900,0.195
2016-03-15,0.20,0.20,0.20,0.20,33000,0.20
2016-03-16,0.20,0.20,0.195,0.195,73200,0.195
2016-03-17,0.20,0.205,0.20,0.20,377500,0.20
2016-03-18,0.20,0.20,0.20,0.20,000,0.20
2016-03-21,0.20,0.20,0.197,0.20,110000,0.20
2016-03-22,0.21,0.232,0.21,0.23,963600,0.23
2016-03-23,0.23,0.245,0.23,0.24,801500,0.24
2016-03-24,0.24,0.24,0.23,0.235,188300,0.235
2016-03-25,0.235,0.235,0.235,0.235,000,0.235
2016-03-28,0.235,0.235,0.235,0.235,000,0.235
2016-03-29,0.24,0.24,0.235,0.235,228400,0.235
2016-03-30,0.24,0.24,0.21,0.21,347700,0.21
2016-03-31,0.23,0.235,0.225,0.225,113000,0.225
2016-04-01,0.215,0.22,0.21,0.22,112000,0.22
2016-04-04,0.22,0.22,0.22,0.22,18100,0.22
2016-04-05,0.215,0.215,0.20,0.20,361400,0.20
2016-04-06,0.21,0.21,0.205,0.205,124700,0.205
2016-04-07,0.205,0.205,0.205,0.205,000,0.205
2016-04-08,0.205,0.205,0.205,0.205,000,0.205
2016-04-11,0.21,0.22,0.20,0.215,811100,0.215
2016-04-12,0.22,0.22,0.215,0.22,282200,0.22
2016-04-13,0.215,0.215,0.215,0.215,48800,0.215
2016-04-14,0.217,0.2175,0.215,0.2175,215100,0.2175
2016-04-15,0.215,0.225,0.215,0.225,558600,0.225


2016-04-18,0.225,0.225,0.22,0.22,586800,0.22
2016-04-19,0.22,0.225,0.21,0.21,38700,0.21
2016-04-20,0.21,0.215,0.21,0.21,165100,0.21
2016-04-21,0.22,0.22,0.21,0.21,174200,0.21
2016-04-22,0.215,0.22,0.21,0.215,195000,0.215


2016-04-25,0.215,0.215,0.215,0.215,000,0.215
2016-04-26,0.22,0.23,0.22,0.225,329900,0.225
2016-04-27,0.22,0.23,0.22,0.23,218800,0.23
2016-04-28,0.225,0.225,0.22,0.22,467400,0.22
2016-04-29,0.225,0.25,0.225,0.25,1022500,0.25


2016-05-02,0.265,0.27,0.245,0.255,1018600,0.255
2016-05-03,0.25,0.25,0.245,0.245,283400,0.245
2016-05-04,0.24,0.24,0.23,0.23,383100,0.23
2016-05-05,0.23,0.23,0.215,0.215,582600,0.215
2016-05-06,0.22,0.225,0.22,0.225,59300,0.225


2016-05-09,0.23,0.235,0.225,0.23,225100,0.23
2016-05-10,0.225,0.225,0.215,0.215,287500,0.215
2016-05-11,0.22,0.23,0.22,0.23,268100,0.23
2016-05-12,0.23,0.23,0.23,0.23,152900,0.23
2016-05-13,0.23,0.23,0.225,0.225,174300,0.225


2016-05-16,0.225,0.225,0.22,0.225,495800,0.225
2016-05-17,0.225,0.225,0.215,0.22,742600,0.22
2016-05-18,0.22,0.22,0.215,0.215,470400,0.215
2016-05-19,0.21,0.21,0.205,0.21,415500,0.21
2016-05-20,0.215,0.22,0.205,0.22,226100,0.22


2016-05-23,0.215,0.22,0.205,0.205,384900,0.205
2016-05-24,0.205,0.22,0.205,0.22,153600,0.22
2016-05-25,0.22,0.22,0.215,0.215,38700,0.215
2016-05-26,0.21,0.225,0.21,0.22,627800,0.22
2016-05-27,0.22,0.22,0.22,0.22,58400,0.22


2016-05-30,0.225,0.225,0.22,0.22,126000,0.22
2016-05-31,0.22,0.22,0.215,0.22,218400,0.22
2016-06-01,0.215,0.215,0.21,0.215,158100,0.215
2016-06-02,0.21,0.22,0.195,0.22,461400,0.22
2016-06-03,0.21,0.22,0.205,0.215,125500,0.215


2016-06-06,0.21,0.215,0.205,0.21,139200,0.21
2016-06-07,0.215,0.215,0.205,0.21,96000,0.21
2016-06-08,0.21,0.21,0.205,0.205,33800,0.205
2016-06-09,0.20,0.205,0.20,0.205,272000,0.205
2016-06-10,0.20,0.205,0.195,0.20,360000,0.20


2016-06-13,0.20,0.20,0.20,0.20,000,0.20
2016-06-14,0.20,0.20,0.19,0.19,512800,0.19
