Date,Open,High,Low,Close,Volume,Adj Close
2015-01-01,2.95846,2.95846,2.95846,2.95846,000,2.71955
2015-01-02,2.98835,3.03815,2.95846,3.03815,393400,2.79281
2015-01-05,3.03815,3.08796,3.02819,3.08796,488700,2.8386
2015-01-06,3.04811,3.08796,3.02819,3.08796,653700,2.8386
2015-01-07,3.078,3.11784,3.05807,3.08796,790600,2.8386
2015-01-08,3.09792,3.15769,3.08796,3.1278,781000,2.87522
2015-01-09,3.13776,3.21745,3.1278,3.21745,844900,2.95763
2015-01-12,3.20749,3.21247,3.1278,3.13776,510900,2.88438
2015-01-13,3.13776,3.14772,3.09792,3.13776,672600,2.88438
2015-01-14,3.1278,3.18757,3.11784,3.11784,1024200,2.86606
2015-01-15,3.03815,3.04811,2.97838,2.98835,879700,2.82402
2015-01-16,2.95846,3.00827,2.94352,2.96842,539500,2.80519
2015-01-19,2.93854,2.96842,2.88873,2.9485,1080200,2.78636
2015-01-20,2.9485,2.95348,2.8987,2.93854,763500,2.77695
2015-01-21,2.92858,2.98835,2.91862,2.98835,513900,2.82402
2015-01-22,2.98835,2.99831,2.91862,2.93854,880300,2.77695
2015-01-23,2.96842,3.02819,2.95846,3.02819,646500,2.86167
2015-01-26,3.02819,3.02819,3.02819,3.02819,000,2.86167
2015-01-27,3.01823,3.10788,3.00827,3.09792,916100,2.92757
2015-01-28,3.078,3.10788,3.05807,3.08796,505200,2.91815
2015-01-29,3.04811,3.09792,3.04811,3.04811,456900,2.88049
2015-01-30,3.04811,3.078,3.03815,3.03815,567900,2.87108
2015-02-02,3.04811,3.11784,3.03815,3.09792,530600,2.92757
2015-02-03,3.09792,3.17761,3.078,3.17761,1047100,3.00287
2015-02-04,3.18757,3.20749,3.16765,3.17761,1242100,3.00287
2015-02-05,3.18757,3.27722,3.15769,3.27722,700900,3.09701
2015-02-06,3.27722,3.27722,3.21745,3.26726,549400,3.08759
2015-02-09,3.23737,3.23737,3.18259,3.23737,629800,3.05935
2015-02-10,3.23737,3.27722,3.19753,3.2573,546500,3.07818
2015-02-11,3.28718,3.3071,3.26726,3.28718,733700,3.10642
2015-02-12,3.3071,3.32702,3.2573,3.27722,896200,3.09701
2015-02-13,3.3071,3.33699,3.26228,3.28718,551200,3.10642
2015-02-16,3.2573,3.26726,3.17761,3.18757,517000,3.01229
2015-02-17,3.18757,3.22741,3.17761,3.21745,420200,3.04052
2015-02-18,3.20749,3.28718,3.16765,3.27722,811600,3.09701
2015-02-19,3.27722,3.27722,3.10788,3.11784,1184800,2.94639
2015-02-20,3.13776,3.16765,3.03815,3.03815,723200,2.87108
2015-02-23,3.04811,3.11784,3.02819,3.11784,662300,2.94639
2015-02-24,3.10788,3.13776,3.078,3.11784,787900,2.94639
2015-02-25,3.1278,3.1278,3.03815,3.04811,1069800,2.88049
2015-02-26,3.04811,3.078,2.92858,3.02819,1291500,2.86167
2015-02-27,3.01823,3.05807,2.95846,3.05807,589700,2.88991
2015-03-02,3.05807,3.1278,3.05807,3.11784,487200,2.94639
2015-03-03,3.1278,3.18757,3.04811,3.09792,626700,2.92757
2015-03-04,3.11784,3.11784,3.06305,3.078,475800,2.90874
2015-03-05,3.078,3.09792,3.01823,3.08796,512000,2.91815
2015-03-06,3.08796,3.11784,3.03815,3.078,492500,2.90874
2015-03-09,3.05807,3.05807,2.97838,2.97838,400800,2.8146
2015-03-10,2.98835,3.00827,2.9485,2.96842,433900,2.80519
2015-03-11,2.9485,2.98835,2.92858,2.9485,325400,2.78636
2015-03-12,2.95846,3.03815,2.95846,3.02819,371800,2.86167
2015-03-13,3.02819,3.02819,2.9485,2.95846,605400,2.79577
2015-03-16,2.95846,2.95846,2.95846,2.95846,000,2.79577
2015-03-17,2.95846,2.95846,2.95846,2.95846,000,2.79577
2015-03-18,2.90,2.90,2.85,2.88,1070400,2.72163
2015-03-19,2.88,2.93,2.87,2.91,1555900,2.74998
2015-03-20,2.92,2.92,2.86,2.87,1076400,2.71218
2015-03-23,2.86,2.95,2.85,2.95,820300,2.78778
2015-03-24,2.90,2.99,2.90,2.97,1000400,2.80668
2015-03-25,2.98,2.99,2.93,2.94,891700,2.77833
2015-03-26,2.94,2.945,2.84,2.86,840800,2.70273
2015-03-27,2.84,2.90,2.84,2.89,389900,2.73108
2015-03-30,2.86,2.90,2.84,2.88,795500,2.72163
2015-03-31,2.90,2.95,2.895,2.91,1673300,2.74998
2015-04-01,2.91,2.91,2.85,2.88,832200,2.72163
2015-04-02,2.86,2.92,2.86,2.88,877100,2.72163
2015-04-03,2.88,2.88,2.88,2.88,000,2.72163
2015-04-06,2.88,2.88,2.88,2.88,000,2.72163
2015-04-07,2.88,2.90,2.85,2.87,654300,2.71218
2015-04-08,2.87,2.94,2.86,2.94,514200,2.77833
2015-04-09,2.94,2.94,2.90,2.92,1018300,2.75943
2015-04-10,2.91,2.94,2.88,2.94,451100,2.77833
2015-04-13,2.94,2.94,2.91,2.93,226800,2.76888
2015-04-14,2.90,2.96,2.90,2.93,560500,2.76888
2015-04-15,2.91,2.92,2.855,2.90,884500,2.74053
2015-04-16,2.94,2.975,2.93,2.94,414500,2.77833
2015-04-17,2.93,2.96,2.87,2.87,573800,2.71218
2015-04-20,2.85,2.88,2.84,2.86,298000,2.70273
2015-04-21,2.88,2.90,2.85,2.89,475400,2.73108
2015-04-22,2.89,2.91,2.855,2.90,377700,2.74053
2015-04-23,2.90,2.91,2.85,2.88,475100,2.72163
2015-04-24,2.92,2.935,2.895,2.92,406300,2.75943
2015-04-27,2.91,2.96,2.89,2.93,355600,2.76888
2015-04-28,2.93,2.985,2.93,2.97,679200,2.80668
2015-04-29,2.97,2.98,2.94,2.96,483100,2.79723
2015-04-30,2.92,2.99,2.89,2.95,1272200,2.78778
2015-05-01,2.92,3.01,2.91,2.98,601800,2.81613
2015-05-04,3.00,3.04,2.97,3.01,956100,2.84448
2015-05-05,3.01,3.08,3.01,3.05,952100,2.88228
2015-05-06,3.01,3.06,2.98,3.02,587000,2.85393
2015-05-07,2.93,2.99,2.89,2.90,627500,2.74053
2015-05-08,2.89,2.97,2.88,2.91,418100,2.74998
2015-05-11,2.96,2.965,2.92,2.92,748900,2.75943
2015-05-12,2.92,2.95,2.905,2.94,646700,2.77833
2015-05-13,2.92,2.95,2.91,2.93,819400,2.76888
2015-05-14,2.91,2.94,2.90,2.91,576100,2.74998
2015-05-15,2.93,2.96,2.90,2.91,1433500,2.74998
2015-05-18,2.91,2.94,2.90,2.90,704900,2.74053
2015-05-19,2.92,2.93,2.87,2.88,836600,2.72163
2015-05-20,2.87,2.89,2.85,2.86,869900,2.70273
2015-05-21,2.85,2.91,2.85,2.85,656700,2.69328
2015-05-22,2.89,2.89,2.86,2.87,337400,2.71218
2015-05-25,2.86,2.91,2.86,2.87,316000,2.71218
2015-05-26,2.87,2.89,2.85,2.87,937700,2.71218
2015-05-27,2.86,2.90,2.85,2.88,585500,2.72163
2015-05-28,2.89,2.89,2.86,2.87,920600,2.71218
2015-05-29,2.88,2.91,2.86,2.91,1619100,2.74998
2015-06-01,2.90,2.92,2.82,2.90,1021000,2.74053
2015-06-02,2.91,2.92,2.83,2.83,357400,2.67438
2015-06-03,2.83,2.89,2.83,2.89,935400,2.73108
2015-06-04,2.89,2.90,2.85,2.86,938500,2.70273
2015-06-05,2.86,2.87,2.84,2.86,589500,2.70273
2015-06-08,2.86,2.86,2.86,2.86,000,2.70273
2015-06-09,2.86,2.89,2.84,2.85,721200,2.69328
2015-06-10,2.85,2.88,2.835,2.87,691500,2.71218
2015-06-11,2.87,2.88,2.85,2.86,645400,2.70273
2015-06-12,2.86,2.98,2.86,2.95,1767200,2.78778
2015-06-15,2.92,3.005,2.92,2.96,1077800,2.79723
2015-06-16,2.96,3.01,2.96,2.97,816000,2.80668
2015-06-17,3.00,3.00,2.96,2.98,839100,2.81613
2015-06-18,2.95,2.97,2.895,2.92,1613100,2.75943
2015-06-19,2.90,3.04,2.90,3.04,1938100,2.87283
2015-06-22,3.05,3.065,3.03,3.05,422500,2.88228
2015-06-23,3.07,3.11,3.04,3.11,673700,2.93898
2015-06-24,3.12,3.12,3.02,3.09,953500,2.92008
2015-06-25,3.09,3.10,3.03,3.05,449900,2.88228
2015-06-26,3.01,3.03,2.95,2.98,1164200,2.81613
2015-06-29,2.98,3.04,2.885,2.97,1062200,2.80668
2015-06-30,2.93,2.97,2.89,2.92,1426200,2.75943
2015-07-01,2.89,2.96,2.885,2.93,853800,2.76888
2015-07-02,2.95,3.035,2.93,3.01,599000,2.84448
2015-07-03,2.99,3.02,2.925,2.98,774000,2.81613
2015-07-06,2.85,2.88,2.78,2.86,617000,2.78208
2015-07-07,2.85,2.97,2.85,2.95,605400,2.86963
2015-07-08,2.92,2.96,2.89,2.89,366300,2.81127
2015-07-09,2.87,2.90,2.825,2.89,571500,2.81127
2015-07-10,2.90,2.925,2.88,2.89,284500,2.81127
2015-07-13,2.89,2.91,2.85,2.85,447300,2.77236
2015-07-14,2.86,2.97,2.86,2.95,807600,2.86963
2015-07-15,2.94,2.97,2.92,2.96,424400,2.87936
2015-07-16,3.00,3.03,2.98,3.01,1288800,2.928
2015-07-17,3.03,3.06,2.96,2.98,793600,2.89881
2015-07-20,3.00,3.01,2.97,2.97,525600,2.88909
2015-07-21,2.99,3.02,2.99,3.02,364700,2.93772
2015-07-22,3.01,3.01,2.96,2.96,353700,2.87936
2015-07-23,2.96,2.99,2.93,2.94,510800,2.8599
2015-07-24,2.92,2.97,2.88,2.90,518800,2.82099
2015-07-27,2.88,2.97,2.87,2.97,257100,2.88909
2015-07-28,2.94,2.99,2.90,2.97,990400,2.88909
2015-07-29,2.98,3.06,2.97,3.06,836200,2.97663
2015-07-30,3.05,3.06,3.01,3.04,351600,2.95718
2015-07-31,3.04,3.11,3.02,3.11,986500,3.02527
2015-08-03,3.12,3.15,3.10,3.11,535400,3.02527
2015-08-04,3.11,3.30,3.085,3.28,1093200,3.19064
2015-08-05,3.27,3.27,3.18,3.24,1025400,3.15173
2015-08-06,3.23,3.24,3.13,3.14,589300,3.05446
2015-08-07,3.11,3.14,3.06,3.09,461400,3.00582
2015-08-10,3.07,3.115,3.03,3.11,483300,3.02527
2015-08-11,3.12,3.12,3.04,3.07,383400,2.98636
2015-08-12,3.08,3.10,3.005,3.03,732600,2.94745
2015-08-13,3.02,3.07,3.00,3.07,803000,2.98636
2015-08-14,3.05,3.06,3.00,3.00,685800,2.91827
2015-08-17,3.00,3.05,2.95,3.01,455300,2.928
2015-08-18,3.02,3.04,2.955,2.98,408800,2.89881
2015-08-19,2.97,3.06,2.97,3.03,487300,2.94745
2015-08-20,2.99,3.03,2.96,2.97,416700,2.88909
2015-08-21,2.97,2.97,2.86,2.89,713500,2.81127
2015-08-24,2.85,2.90,2.815,2.87,1188200,2.79181
2015-08-25,2.81,3.035,2.81,3.03,1769100,2.94745
2015-08-26,2.97,3.09,2.96,2.99,1212700,2.90854
2015-08-27,3.02,3.09,2.995,3.06,633100,2.97663
2015-08-28,3.09,3.09,3.00,3.03,540400,2.94745
2015-08-31,3.00,3.09,3.00,3.07,1005500,2.98636
2015-09-01,3.05,3.08,3.00,3.01,568800,2.928
2015-09-02,2.99,3.04,2.96,3.02,852200,2.93772
2015-09-03,3.05,3.05,3.00,3.03,1293600,2.94745
2015-09-04,3.04,3.09,3.00,3.06,1069300,2.97663
2015-09-07,3.04,3.05,3.00,3.03,760000,2.94745
2015-09-08,3.04,3.13,3.01,3.13,815300,3.04473
2015-09-09,3.16,3.175,3.12,3.16,1411900,3.07391
2015-09-10,3.10,3.12,3.05,3.07,698100,2.98636
2015-09-11,3.08,3.09,3.055,3.08,499700,2.99609
2015-09-14,3.11,3.11,3.055,3.10,754900,3.01554
2015-09-15,3.10,3.15,3.07,3.13,1113300,3.04473
2015-09-16,3.13,3.18,3.12,3.16,2214600,3.07391
2015-09-17,3.21,3.22,3.12,3.14,1877100,3.05446
2015-09-18,3.12,3.17,3.10,3.17,1278600,3.08364
2015-09-21,3.10,3.135,3.06,3.09,645000,3.00582
2015-09-22,3.13,3.14,3.10,3.13,649600,3.04473
2015-09-23,3.13,3.13,3.05,3.07,677000,2.98636
2015-09-24,3.09,3.15,3.09,3.13,1423800,3.04473
2015-09-25,3.15,3.17,3.12,3.13,695800,3.04473
2015-09-28,3.13,3.18,3.10,3.17,516900,3.08364
2015-09-29,3.12,3.125,3.07,3.10,1298700,3.01554
2015-09-30,3.09,3.18,3.08,3.17,1555300,3.08364
2015-10-01,3.17,3.26,3.16,3.26,741000,3.17119
2015-10-02,3.22,3.26,3.18,3.20,683700,3.11282
2015-10-05,3.21,3.29,3.21,3.28,471400,3.19064
2015-10-06,3.30,3.36,3.285,3.32,756400,3.22955
2015-10-07,3.33,3.35,3.32,3.35,990500,3.25873
2015-10-08,3.35,3.41,3.27,3.27,1091600,3.18091
2015-10-09,3.30,3.32,3.26,3.29,522300,3.20037
2015-10-12,3.25,3.27,3.21,3.22,501100,3.13228
2015-10-13,3.22,3.24,3.16,3.18,1640200,3.09337
2015-10-14,3.17,3.20,3.15,3.18,464300,3.09337
2015-10-15,3.20,3.23,3.16,3.20,725700,3.11282
2015-10-16,3.23,3.27,3.20,3.21,1065000,3.12255
2015-10-19,3.21,3.24,3.185,3.19,487100,3.10309
2015-10-20,3.19,3.22,3.18,3.20,528600,3.11282
2015-10-21,3.20,3.21,3.135,3.14,717800,3.05446
2015-10-22,3.14,3.17,3.12,3.14,703500,3.05446
2015-10-23,3.17,3.24,3.15,3.23,640500,3.142
2015-10-26,3.25,3.27,3.23,3.24,430300,3.15173
2015-10-27,3.26,3.285,3.24,3.25,457300,3.16146
2015-10-28,3.26,3.30,3.25,3.25,268400,3.16146
2015-10-29,3.28,3.30,3.25,3.26,391500,3.17119
2015-10-30,3.25,3.28,3.23,3.27,499100,3.18091
2015-11-02,3.28,3.28,3.20,3.22,513100,3.13228
2015-11-03,3.24,3.27,3.215,3.25,682700,3.16146
2015-11-04,3.28,3.29,3.19,3.19,849300,3.10309
2015-11-05,3.20,3.21,3.14,3.17,271600,3.08364
2015-11-06,3.16,3.18,3.12,3.16,762000,3.07391
2015-11-09,3.15,3.175,3.08,3.09,542200,3.00582
2015-11-10,3.09,3.11,2.98,3.02,1162200,2.93772
2015-11-11,3.03,3.06,3.00,3.03,626800,2.94745
2015-11-12,3.02,3.04,2.985,2.99,727700,2.90854
2015-11-13,2.96,3.00,2.94,2.97,409500,2.88909
2015-11-16,2.95,2.985,2.94,2.97,644100,2.88909
2015-11-17,2.99,3.03,2.96,3.03,593400,2.94745
2015-11-18,3.02,3.09,3.02,3.05,676700,2.96691
2015-11-19,3.10,3.13,3.06,3.13,557600,3.04473
2015-11-20,3.13,3.13,3.01,3.03,727900,2.94745
2015-11-23,3.02,3.07,3.02,3.04,436400,2.95718
2015-11-24,3.04,3.07,3.03,3.04,480900,2.95718
2015-11-25,3.05,3.06,2.98,2.98,497600,2.89881
2015-11-26,2.99,3.02,2.965,2.97,841000,2.88909
2015-11-27,2.99,3.00,2.97,2.97,348700,2.88909
2015-11-30,2.98,2.99,2.92,2.94,564400,2.8599
2015-12-01,2.94,3.00,2.91,2.91,1531600,2.83072
2015-12-02,2.93,2.97,2.92,2.96,973200,2.87936
2015-12-03,2.95,2.96,2.92,2.95,821200,2.86963
2015-12-04,2.91,2.94,2.87,2.92,1179000,2.84045
2015-12-07,2.93,3.00,2.93,2.99,778000,2.90854
2015-12-08,2.97,3.02,2.97,3.00,1066700,2.91827
2015-12-09,2.99,3.02,2.98,2.99,1261300,2.90854
2015-12-10,2.99,3.01,2.96,2.99,1527500,2.90854
2015-12-11,2.98,3.01,2.96,2.99,549100,2.90854
2015-12-14,2.96,2.97,2.93,2.95,1306200,2.86963
2015-12-15,2.95,2.97,2.93,2.94,868900,2.8599
2015-12-16,2.95,3.08,2.945,3.08,1089400,2.99609
2015-12-17,3.08,3.09,3.04,3.06,1584100,2.97663
2015-12-18,3.03,3.08,3.00,3.08,1168800,2.99609
2015-12-21,3.06,3.08,3.06,3.08,741500,2.99609
2015-12-22,3.08,3.11,3.065,3.10,520600,3.01554
2015-12-23,3.10,3.11,3.07,3.07,832300,2.98636
2015-12-24,3.10,3.15,3.09,3.15,368400,3.06418
2015-12-25,3.15,3.15,3.15,3.15,000,3.06418
2015-12-28,3.15,3.15,3.15,3.15,000,3.06418
2015-12-29,3.15,3.27,3.14,3.24,987200,3.15173
2015-12-30,3.30,3.30,3.235,3.25,373600,3.16146
2015-12-31,3.28,3.28,3.20,3.20,298600,3.11282
2016-01-01,3.20,3.20,3.20,3.20,000,3.11282
2016-01-04,3.20,3.27,3.185,3.23,671900,3.142
2016-01-05,3.21,3.23,3.17,3.17,500100,3.08364
2016-01-06,3.23,3.23,3.155,3.23,1028900,3.142
2016-01-07,3.23,3.24,3.17,3.17,1196000,3.08364
2016-01-08,3.13,3.20,3.05,3.17,990500,3.08364
2016-01-11,3.13,3.18,3.11,3.16,763700,3.07391
2016-01-12,3.16,3.19,3.11,3.12,599500,3.035
2016-01-13,3.13,3.205,3.11,3.19,318100,3.10309
2016-01-14,3.13,3.20,3.08,3.12,887300,3.035
2016-01-15,3.12,3.12,2.97,2.97,874900,2.97
2016-01-18,2.92,3.00,2.87,2.97,1131300,2.97
2016-01-19,2.99,3.055,2.97,3.04,1587900,3.04
2016-01-20,3.05,3.08,2.98,2.98,1108200,2.98
2016-01-21,3.04,3.04,2.97,2.98,878700,2.98
2016-01-22,3.00,3.05,2.97,3.01,963200,3.01
2016-01-25,3.06,3.07,2.97,3.03,706500,3.03
2016-01-26,3.03,3.03,3.03,3.03,000,3.03
2016-01-27,3.02,3.05,3.00,3.01,1237300,3.01
2016-01-28,3.01,3.065,2.98,3.02,781700,3.02
2016-01-29,3.02,3.08,2.99,3.01,732500,3.01
2016-02-01,3.04,3.10,3.03,3.05,794400,3.05
2016-02-02,3.04,3.06,3.00,3.00,602300,3.00
2016-02-03,2.99,3.03,2.97,2.97,750100,2.97
2016-02-04,3.00,3.02,2.96,2.99,638800,2.99
2016-02-05,2.99,3.02,2.94,2.97,430700,2.97
2016-02-08,2.96,2.98,2.94,2.95,459900,2.95
2016-02-09,2.92,2.94,2.85,2.85,1304600,2.85
2016-02-10,2.87,2.90,2.83,2.88,1351700,2.88
2016-02-11,2.90,2.94,2.87,2.92,990100,2.92
2016-02-12,2.89,2.96,2.87,2.87,892400,2.87
2016-02-15,2.90,2.95,2.87,2.95,790500,2.95
2016-02-16,2.96,2.98,2.91,2.98,968100,2.98
2016-02-17,2.99,3.00,2.915,2.93,520000,2.93
2016-02-18,2.97,2.99,2.93,2.95,326400,2.95
2016-02-19,2.94,2.95,2.90,2.91,607400,2.91
2016-02-22,2.91,2.96,2.91,2.96,453000,2.96
2016-02-23,2.97,2.97,2.91,2.91,461700,2.91
2016-02-24,2.91,2.94,2.885,2.91,713500,2.91
2016-02-25,2.95,2.96,2.87,2.87,1447100,2.87
2016-02-26,2.88,2.905,2.87,2.88,890900,2.88
2016-02-29,2.88,2.91,2.86,2.90,1094000,2.90
2016-03-01,2.88,2.93,2.88,2.92,1424500,2.92
2016-03-02,2.94,2.97,2.94,2.96,1047000,2.96
2016-03-03,2.96,3.02,2.95,3.02,731700,3.02
2016-03-04,3.02,3.02,2.93,2.93,1248500,2.93
2016-03-07,2.95,2.96,2.90,2.93,487700,2.93
2016-03-08,2.92,2.98,2.92,2.94,730600,2.94
2016-03-09,2.94,2.98,2.92,2.96,459600,2.96
2016-03-10,2.98,2.99,2.96,2.96,292600,2.96
2016-03-11,2.98,2.98,2.95,2.95,647600,2.95
2016-03-14,2.94,2.97,2.93,2.97,525100,2.97
2016-03-15,2.97,2.985,2.94,2.95,517800,2.95
2016-03-16,2.96,2.99,2.95,2.97,741700,2.97
2016-03-17,3.02,3.04,3.00,3.02,1764500,3.02
2016-03-18,3.03,3.04,3.00,3.02,1653400,3.02
2016-03-21,3.02,3.045,3.00,3.00,221100,3.00
2016-03-22,3.01,3.03,2.99,3.02,556400,3.02
2016-03-23,3.01,3.02,2.95,2.97,417900,2.97
2016-03-24,2.98,3.01,2.97,2.99,299300,2.99
2016-03-25,2.99,2.99,2.99,2.99,000,2.99
2016-03-28,2.99,2.99,2.99,2.99,000,2.99
2016-03-29,3.01,3.01,2.93,2.94,725300,2.94
2016-03-30,2.96,2.975,2.94,2.96,710900,2.96
2016-03-31,2.97,2.98,2.95,2.98,551800,2.98
2016-04-01,2.96,2.98,2.93,2.94,765900,2.94
2016-04-04,2.95,2.975,2.94,2.95,456300,2.95
2016-04-05,2.95,2.965,2.93,2.94,760500,2.94
2016-04-06,2.95,2.97,2.92,2.97,555900,2.97
2016-04-07,2.97,3.01,2.97,2.98,471500,2.98
2016-04-08,2.96,3.01,2.96,3.01,440800,3.01
2016-04-11,3.01,3.01,2.98,2.99,355800,2.99
2016-04-12,2.97,3.005,2.95,2.99,579800,2.99
2016-04-13,2.98,3.02,2.95,3.01,787100,3.01
2016-04-14,3.03,3.08,2.98,3.08,1125800,3.08
2016-04-15,3.08,3.11,3.04,3.10,516500,3.10


2016-04-18,3.03,3.14,3.03,3.10,812900,3.10
2016-04-19,3.12,3.12,3.08,3.12,566600,3.12
2016-04-20,3.10,3.13,3.10,3.12,560800,3.12
2016-04-21,3.16,3.17,3.105,3.14,1264100,3.14
2016-04-22,3.14,3.14,3.08,3.09,681500,3.09


2016-04-25,3.09,3.09,3.09,3.09,000,3.09
2016-04-26,3.05,3.135,3.05,3.12,513900,3.12
2016-04-27,3.15,3.18,3.085,3.11,868300,3.11
2016-04-28,3.13,3.17,3.11,3.16,639700,3.16
2016-04-29,3.17,3.20,3.13,3.17,839400,3.17


2016-05-02,3.16,3.195,3.16,3.16,451000,3.16
2016-05-03,3.20,3.25,3.17,3.23,774300,3.23
2016-05-04,3.23,3.27,3.20,3.21,622600,3.21
2016-05-05,3.21,3.24,3.15,3.22,367900,3.22
2016-05-06,3.19,3.26,3.15,3.26,982900,3.26


2016-05-09,3.26,3.26,3.215,3.25,441700,3.25
2016-05-10,3.26,3.35,3.24,3.34,1460500,3.34
2016-05-11,3.38,3.38,3.255,3.28,835600,3.28
2016-05-12,3.29,3.29,3.22,3.26,556800,3.26
2016-05-13,3.30,3.31,3.26,3.29,536500,3.29


2016-05-16,3.29,3.31,3.26,3.28,324000,3.28
2016-05-17,3.29,3.325,3.255,3.27,744500,3.27
2016-05-18,3.27,3.28,3.24,3.24,508600,3.24
2016-05-19,3.27,3.28,3.20,3.23,582200,3.23
2016-05-20,3.24,3.25,3.22,3.23,483100,3.23


2016-05-23,3.22,3.26,3.20,3.24,339200,3.24
2016-05-24,3.24,3.24,3.20,3.22,331600,3.22
2016-05-25,3.24,3.28,3.225,3.28,568300,3.28
2016-05-26,3.30,3.31,3.22,3.31,895400,3.31
2016-05-27,3.29,3.33,3.27,3.31,785700,3.31


2016-05-30,3.31,3.33,3.29,3.33,340400,3.33
2016-05-31,3.33,3.33,3.26,3.28,642000,3.28
2016-06-01,3.26,3.275,3.22,3.25,503000,3.25
2016-06-02,3.22,3.295,3.21,3.23,439200,3.23
2016-06-03,3.27,3.29,3.24,3.27,354200,3.27


2016-06-06,3.26,3.30,3.25,3.29,349500,3.29
2016-06-07,3.29,3.315,3.26,3.30,433700,3.30
2016-06-08,3.29,3.30,3.26,3.26,766300,3.26
2016-06-09,3.26,3.29,3.26,3.28,1518000,3.28
2016-06-10,3.27,3.29,3.26,3.28,403000,3.28


2016-06-13,3.28,3.28,3.28,3.28,000,3.28
2016-06-14,3.22,3.27,3.21,3.22,726600,3.22
