Date,Open,High,Low,Close,Volume,Adj Close
2015-01-01,0.037,0.037,0.037,0.037,000,0.037
2015-01-02,0.037,0.037,0.037,0.037,000,0.037
2015-01-05,0.037,0.037,0.037,0.037,000,0.037
2015-01-06,0.037,0.037,0.037,0.037,000,0.037
2015-01-07,0.037,0.037,0.037,0.037,000,0.037
2015-01-08,0.037,0.037,0.037,0.037,000,0.037
2015-01-09,0.036,0.037,0.036,0.037,83000,0.037
2015-01-12,0.037,0.039,0.037,0.039,50000,0.039
2015-01-13,0.039,0.039,0.039,0.039,000,0.039
2015-01-14,0.039,0.039,0.039,0.039,000,0.039
2015-01-15,0.039,0.04,0.039,0.04,50000,0.04
2015-01-16,0.04,0.04,0.04,0.04,000,0.04
2015-01-19,0.04,0.04,0.04,0.04,34600,0.04
2015-01-20,0.04,0.04,0.04,0.04,000,0.04
2015-01-21,0.04,0.04,0.04,0.04,000,0.04
2015-01-22,0.03,0.03,0.025,0.025,65000,0.025
2015-01-23,0.025,0.025,0.025,0.025,000,0.025
2015-01-26,0.025,0.025,0.025,0.025,000,0.025
2015-01-27,0.025,0.025,0.025,0.025,000,0.025
2015-01-28,0.025,0.025,0.025,0.025,000,0.025
2015-01-29,0.025,0.025,0.025,0.025,000,0.025
2015-01-30,0.025,0.025,0.025,0.025,000,0.025
2015-02-02,0.017,0.017,0.017,0.017,34600,0.017
2015-02-03,0.017,0.017,0.017,0.017,000,0.017
2015-02-04,0.017,0.017,0.017,0.017,000,0.017
2015-02-05,0.018,0.018,0.018,0.018,615000,0.018
2015-02-06,0.018,0.018,0.018,0.018,000,0.018
2015-02-09,0.018,0.018,0.018,0.018,000,0.018
2015-02-10,0.018,0.018,0.018,0.018,000,0.018
2015-02-11,0.018,0.018,0.018,0.018,000,0.018
2015-02-12,0.018,0.018,0.018,0.018,000,0.018
2015-02-13,0.018,0.018,0.018,0.018,000,0.018
2015-02-16,0.018,0.018,0.018,0.018,000,0.018
2015-02-17,0.018,0.018,0.018,0.018,000,0.018
2015-02-18,0.018,0.018,0.018,0.018,000,0.018
2015-02-19,0.018,0.018,0.018,0.018,000,0.018
2015-02-20,0.018,0.018,0.018,0.018,000,0.018
2015-02-23,0.02,0.02,0.02,0.02,25000,0.02
2015-02-24,0.02,0.02,0.02,0.02,000,0.02
2015-02-25,0.022,0.022,0.022,0.022,95500,0.022
2015-02-26,0.022,0.022,0.022,0.022,000,0.022
2015-02-27,0.022,0.022,0.022,0.022,000,0.022
2015-03-02,0.022,0.022,0.022,0.022,000,0.022
2015-03-03,0.022,0.022,0.022,0.022,000,0.022
2015-03-04,0.02,0.02,0.02,0.02,12500,0.02
2015-03-05,0.01,0.01,0.01,0.01,10500,0.01
2015-03-06,0.01,0.01,0.01,0.01,000,0.01
2015-03-09,0.01,0.01,0.01,0.01,000,0.01
2015-03-10,0.015,0.015,0.015,0.015,25000,0.015
2015-03-11,0.015,0.015,0.015,0.015,000,0.015
2015-03-12,0.015,0.015,0.015,0.015,000,0.015
2015-03-13,0.015,0.015,0.015,0.015,000,0.015
2015-03-16,0.015,0.02,0.015,0.02,256800,0.02
2015-03-17,0.015,0.015,0.01,0.01,174400,0.01
2015-03-18,0.013,0.013,0.013,0.013,100000,0.013
2015-03-19,0.013,0.013,0.013,0.013,000,0.013
2015-03-20,0.01,0.01,0.01,0.01,150000,0.01
2015-03-23,0.013,0.015,0.013,0.015,856100,0.015
2015-03-24,0.013,0.013,0.013,0.013,375000,0.013
2015-03-25,0.013,0.013,0.013,0.013,000,0.013
2015-03-26,0.015,0.015,0.015,0.015,3100,0.015
2015-03-27,0.015,0.015,0.015,0.015,000,0.015
2015-03-30,0.01,0.01,0.01,0.01,75000,0.01
2015-03-31,0.01,0.01,0.01,0.01,000,0.01
2015-04-01,0.01,0.01,0.01,0.01,000,0.01
2015-04-02,0.01,0.01,0.01,0.01,000,0.01
2015-04-03,0.01,0.01,0.01,0.01,000,0.01
2015-04-06,0.01,0.01,0.01,0.01,000,0.01
2015-04-07,0.01,0.01,0.01,0.01,000,0.01
2015-04-08,0.006,0.006,0.006,0.006,86700,0.006
2015-04-09,0.006,0.006,0.006,0.006,000,0.006
2015-04-10,0.006,0.006,0.006,0.006,000,0.006
2015-04-13,0.006,0.01,0.006,0.01,179600,0.01
2015-04-14,0.015,0.015,0.01,0.01,420000,0.01
2015-04-15,0.01,0.01,0.01,0.01,000,0.01
2015-04-16,0.01,0.01,0.01,0.01,000,0.01
2015-04-17,0.01,0.01,0.01,0.01,000,0.01
2015-04-20,0.01,0.01,0.01,0.01,000,0.01
2015-04-21,0.01,0.01,0.01,0.01,160000,0.01
2015-04-22,0.01,0.01,0.01,0.01,000,0.01
2015-04-23,0.01,0.01,0.01,0.01,000,0.01
2015-04-24,0.01,0.01,0.01,0.01,000,0.01
2015-04-27,0.01,0.01,0.01,0.01,000,0.01
2015-04-28,0.01,0.01,0.01,0.01,000,0.01
2015-04-29,0.01,0.01,0.01,0.01,000,0.01
2015-04-30,0.01,0.01,0.01,0.01,000,0.01
2015-05-01,0.01,0.01,0.01,0.01,000,0.01
2015-05-04,0.013,0.015,0.01,0.01,1519300,0.01
2015-05-05,0.01,0.01,0.008,0.009,2519300,0.009
2015-05-06,0.009,0.009,0.009,0.009,000,0.009
2015-05-07,0.01,0.013,0.01,0.013,189300,0.013
2015-05-08,0.01,0.01,0.01,0.01,1000000,0.01
2015-05-11,0.01,0.01,0.01,0.01,000,0.01
2015-05-12,0.01,0.01,0.01,0.01,000,0.01
2015-05-13,0.01,0.01,0.01,0.01,000,0.01
2015-05-14,0.01,0.01,0.01,0.01,000,0.01
2015-05-15,0.01,0.01,0.01,0.01,000,0.01
2015-05-18,0.01,0.01,0.01,0.01,000,0.01
2015-05-19,0.01,0.01,0.01,0.01,000,0.01
2015-05-20,0.01,0.01,0.01,0.01,000,0.01
2015-05-21,0.01,0.01,0.01,0.01,000,0.01
2015-05-22,0.01,0.01,0.01,0.01,000,0.01
2015-05-25,0.008,0.008,0.008,0.008,10000,0.008
2015-05-26,0.008,0.008,0.008,0.008,000,0.008
2015-05-27,0.008,0.008,0.008,0.008,000,0.008
2015-05-28,0.008,0.008,0.008,0.008,000,0.008
2015-05-29,0.008,0.008,0.008,0.008,000,0.008
2015-06-01,0.008,0.008,0.008,0.008,000,0.008
2015-06-02,0.007,0.01,0.007,0.01,563000,0.01
2015-06-03,0.01,0.01,0.009,0.009,2839200,0.009
2015-06-04,0.009,0.009,0.009,0.009,000,0.009
2015-06-05,0.009,0.009,0.009,0.009,000,0.009
2015-06-08,0.009,0.009,0.009,0.009,000,0.009
2015-06-09,0.009,0.009,0.009,0.009,000,0.009
2015-06-10,0.009,0.009,0.009,0.009,000,0.009
2015-06-11,0.009,0.009,0.009,0.009,000,0.009
2015-06-12,0.009,0.009,0.009,0.009,000,0.009
2015-06-15,0.009,0.009,0.009,0.009,000,0.009
2015-06-16,0.009,0.009,0.009,0.009,000,0.009
2015-06-17,0.009,0.009,0.009,0.009,000,0.009
2015-06-18,0.009,0.009,0.009,0.009,000,0.009
2015-06-19,0.009,0.009,0.009,0.009,000,0.009
2015-06-22,0.009,0.009,0.009,0.009,000,0.009
2015-06-23,0.009,0.009,0.009,0.009,000,0.009
2015-06-24,0.009,0.009,0.009,0.009,000,0.009
2015-06-25,0.009,0.009,0.009,0.009,000,0.009
2015-06-26,0.009,0.009,0.009,0.009,000,0.009
2015-06-29,0.009,0.009,0.009,0.009,000,0.009
2015-06-30,0.009,0.009,0.009,0.009,000,0.009
2015-07-01,0.01,0.01,0.01,0.01,13552300,0.01
2015-07-02,0.01,0.01,0.01,0.01,000,0.01
2015-07-03,0.01,0.01,0.01,0.01,000,0.01
2015-07-06,0.01,0.01,0.01,0.01,300000,0.01
2015-07-07,0.01,0.01,0.01,0.01,000,0.01
2015-07-08,0.01,0.01,0.01,0.01,000,0.01
2015-07-09,0.01,0.01,0.01,0.01,000,0.01
2015-07-10,0.015,0.015,0.015,0.015,150000,0.015
2015-07-13,0.012,0.012,0.012,0.012,1000000,0.012
2015-07-14,0.012,0.012,0.012,0.012,50000,0.012
2015-07-15,0.01,0.01,0.01,0.01,950000,0.01
2015-07-16,0.01,0.01,0.01,0.01,000,0.01
2015-07-17,0.01,0.01,0.01,0.01,000,0.01
2015-07-20,0.01,0.01,0.01,0.01,000,0.01
2015-07-21,0.01,0.01,0.01,0.01,000,0.01
2015-07-22,0.01,0.01,0.01,0.01,000,0.01
2015-07-23,0.01,0.01,0.01,0.01,000,0.01
2015-07-24,0.01,0.01,0.01,0.01,000,0.01
2015-07-27,0.01,0.01,0.01,0.01,000,0.01
2015-07-28,0.01,0.01,0.01,0.01,000,0.01
2015-07-29,0.01,0.01,0.01,0.01,000,0.01
2015-07-30,0.01,0.01,0.01,0.01,20000,0.01
2015-07-31,0.008,0.008,0.008,0.008,16000,0.008
2015-08-03,0.008,0.008,0.008,0.008,000,0.008
2015-08-04,0.008,0.008,0.008,0.008,000,0.008
2015-08-05,0.008,0.008,0.008,0.008,000,0.008
2015-08-06,0.008,0.008,0.008,0.008,000,0.008
2015-08-07,0.008,0.008,0.008,0.008,000,0.008
2015-08-10,0.008,0.008,0.008,0.008,000,0.008
2015-08-11,0.008,0.008,0.008,0.008,000,0.008
2015-08-12,0.008,0.008,0.008,0.008,000,0.008
2015-08-13,0.007,0.007,0.007,0.007,364700,0.007
2015-08-14,0.007,0.007,0.007,0.007,000,0.007
2015-08-17,0.007,0.007,0.007,0.007,000,0.007
2015-08-18,0.008,0.008,0.007,0.007,1100000,0.007
2015-08-19,0.007,0.007,0.007,0.007,000,0.007
2015-08-20,0.007,0.007,0.007,0.007,000,0.007
2015-08-21,0.007,0.007,0.007,0.007,000,0.007
2015-08-24,0.007,0.007,0.007,0.007,000,0.007
2015-08-25,0.007,0.007,0.007,0.007,000,0.007
2015-08-26,0.007,0.007,0.007,0.007,000,0.007
2015-08-27,0.007,0.007,0.007,0.007,000,0.007
2015-08-28,0.007,0.007,0.007,0.007,000,0.007
2015-08-31,0.007,0.007,0.007,0.007,000,0.007
2015-09-01,0.01,0.01,0.01,0.01,3000,0.01
2015-09-02,0.01,0.01,0.01,0.01,200000,0.01
2015-09-03,0.01,0.01,0.01,0.01,000,0.01
2015-09-04,0.01,0.01,0.01,0.01,240000,0.01
2015-09-07,0.01,0.01,0.01,0.01,000,0.01
2015-09-08,0.01,0.01,0.01,0.01,000,0.01
2015-09-09,0.007,0.007,0.004,0.005,8122600,0.005
2015-09-10,0.006,0.006,0.005,0.005,480000,0.005
2015-09-11,0.005,0.005,0.005,0.005,000,0.005
2015-09-14,0.005,0.005,0.004,0.004,2236600,0.004
2015-09-15,0.004,0.004,0.004,0.004,000,0.004
2015-09-16,0.004,0.004,0.004,0.004,000,0.004
2015-09-17,0.004,0.004,0.004,0.004,000,0.004
2015-09-18,0.003,0.003,0.003,0.003,1000000,0.003
2015-09-21,0.003,0.003,0.003,0.003,000,0.003
2015-09-22,0.003,0.003,0.003,0.003,000,0.003
2015-09-23,0.003,0.003,0.003,0.003,000,0.003
2015-09-24,0.003,0.003,0.003,0.003,000,0.003
2015-09-25,0.003,0.003,0.003,0.003,000,0.003
2015-09-28,0.003,0.003,0.003,0.003,000,0.003
2015-09-29,0.003,0.003,0.003,0.003,000,0.003
2015-09-30,0.003,0.003,0.003,0.003,000,0.003
2015-10-01,0.003,0.003,0.003,0.003,000,0.003
2015-10-02,0.003,0.003,0.003,0.003,000,0.003
2015-10-05,0.003,0.003,0.003,0.003,000,0.003
2015-10-06,0.003,0.003,0.003,0.003,000,0.003
2015-10-07,0.003,0.003,0.003,0.003,000,0.003
2015-10-08,0.003,0.003,0.003,0.003,000,0.003
2015-10-09,0.003,0.003,0.003,0.003,000,0.003
2015-10-12,0.003,0.003,0.003,0.003,994100,0.003
2015-10-13,0.003,0.003,0.003,0.003,000,0.003
2015-10-14,0.003,0.003,0.003,0.003,000,0.003
2015-10-15,0.003,0.003,0.003,0.003,5800,0.003
2015-10-16,0.003,0.003,0.003,0.003,1000000,0.003
2015-10-19,0.003,0.003,0.003,0.003,000,0.003
2015-10-20,0.003,0.003,0.003,0.003,000,0.003
2015-10-21,0.003,0.003,0.003,0.003,000,0.003
2015-10-22,0.003,0.003,0.003,0.003,000,0.003
2015-10-23,0.003,0.003,0.003,0.003,000,0.003
2015-10-26,0.003,0.003,0.003,0.003,1000000,0.003
2015-10-27,0.003,0.003,0.003,0.003,000,0.003
2015-10-28,0.003,0.003,0.003,0.003,000,0.003
2015-10-29,0.003,0.003,0.003,0.003,000,0.003
2015-10-30,0.003,0.004,0.003,0.004,2250000,0.004
2015-11-02,0.004,0.005,0.004,0.005,14901700,0.005
2015-11-03,0.005,0.005,0.005,0.005,000,0.005
2015-11-04,0.005,0.005,0.005,0.005,800000,0.005
2015-11-05,0.005,0.005,0.005,0.005,000,0.005
2015-11-06,0.004,0.004,0.004,0.004,500000,0.004
2015-11-09,0.004,0.004,0.004,0.004,000,0.004
2015-11-10,0.004,0.004,0.004,0.004,3499700,0.004
2015-11-11,0.004,0.004,0.004,0.004,000,0.004
2015-11-12,0.004,0.004,0.004,0.004,000,0.004
2015-11-13,0.004,0.004,0.004,0.004,000,0.004
2015-11-16,0.004,0.004,0.004,0.004,000,0.004
2015-11-17,0.004,0.004,0.004,0.004,000,0.004
2015-11-18,0.004,0.004,0.004,0.004,000,0.004
2015-11-19,0.003,0.003,0.003,0.003,2999400,0.003
2015-11-20,0.003,0.003,0.003,0.003,000,0.003
2015-11-23,0.003,0.003,0.003,0.003,000,0.003
2015-11-24,0.003,0.003,0.003,0.003,000,0.003
2015-11-25,0.003,0.003,0.003,0.003,000,0.003
2015-11-26,0.003,0.003,0.003,0.003,000,0.003
2015-11-27,0.003,0.003,0.003,0.003,000,0.003
2015-11-30,0.003,0.003,0.003,0.003,000,0.003
2015-12-01,0.003,0.003,0.003,0.003,000,0.003
2015-12-02,0.003,0.003,0.003,0.003,25100,0.003
2015-12-03,0.004,0.004,0.004,0.004,2500000,0.004
2015-12-04,0.004,0.004,0.004,0.004,999900,0.004
2015-12-07,0.004,0.004,0.004,0.004,000,0.004
2015-12-08,0.004,0.004,0.004,0.004,000,0.004
2015-12-09,0.004,0.004,0.004,0.004,000,0.004
2015-12-10,0.004,0.004,0.004,0.004,000,0.004
2015-12-11,0.004,0.004,0.004,0.004,000,0.004
2015-12-14,0.004,0.004,0.004,0.004,000,0.004
2015-12-15,0.004,0.004,0.004,0.004,000,0.004
2015-12-16,0.004,0.004,0.004,0.004,000,0.004
2015-12-17,0.004,0.004,0.004,0.004,000,0.004
2015-12-18,0.004,0.004,0.004,0.004,000,0.004
2015-12-21,0.004,0.004,0.004,0.004,000,0.004
2015-12-22,0.004,0.004,0.004,0.004,000,0.004
2015-12-23,0.004,0.004,0.004,0.004,000,0.004
2015-12-24,0.004,0.004,0.004,0.004,000,0.004
2015-12-25,0.004,0.004,0.004,0.004,000,0.004
2015-12-28,0.004,0.004,0.004,0.004,000,0.004
2015-12-29,0.004,0.005,0.004,0.005,2250000,0.005
2015-12-30,0.004,0.004,0.004,0.004,153200,0.004
2015-12-31,0.004,0.004,0.004,0.004,000,0.004
2016-01-01,0.004,0.004,0.004,0.004,000,0.004
2016-01-04,0.004,0.004,0.004,0.004,000,0.004
2016-01-05,0.004,0.004,0.004,0.004,000,0.004
2016-01-06,0.004,0.004,0.004,0.004,000,0.004
2016-01-07,0.004,0.004,0.004,0.004,000,0.004
2016-01-08,0.004,0.004,0.004,0.004,000,0.004
2016-01-11,0.004,0.004,0.004,0.004,000,0.004
2016-01-12,0.004,0.004,0.004,0.004,000,0.004
2016-01-13,0.004,0.004,0.004,0.004,000,0.004
2016-01-14,0.004,0.004,0.004,0.004,000,0.004
2016-01-15,0.004,0.004,0.004,0.004,000,0.004
2016-01-18,0.004,0.004,0.004,0.004,000,0.004
2016-01-19,0.004,0.004,0.004,0.004,465100,0.004
2016-01-20,0.004,0.004,0.004,0.004,000,0.004
2016-01-21,0.004,0.004,0.004,0.004,647900,0.004
2016-01-22,0.004,0.004,0.004,0.004,000,0.004
2016-01-25,0.004,0.004,0.004,0.004,000,0.004
2016-01-26,0.004,0.004,0.004,0.004,000,0.004
2016-01-27,0.004,0.004,0.004,0.004,000,0.004
2016-01-28,0.004,0.004,0.004,0.004,000,0.004
2016-01-29,0.004,0.004,0.004,0.004,000,0.004
2016-02-01,0.004,0.004,0.004,0.004,000,0.004
2016-02-02,0.004,0.004,0.004,0.004,000,0.004
2016-02-03,0.005,0.006,0.005,0.006,4944900,0.006
2016-02-04,0.005,0.005,0.005,0.005,500000,0.005
2016-02-05,0.005,0.005,0.005,0.005,000,0.005
2016-02-08,0.005,0.005,0.005,0.005,000,0.005
2016-02-09,0.005,0.005,0.005,0.005,000,0.005
2016-02-10,0.004,0.004,0.004,0.004,1897600,0.004
2016-02-11,0.004,0.004,0.004,0.004,000,0.004
2016-02-12,0.004,0.004,0.004,0.004,000,0.004
2016-02-15,0.004,0.004,0.004,0.004,000,0.004
2016-02-16,0.004,0.004,0.004,0.004,000,0.004
2016-02-17,0.004,0.004,0.004,0.004,000,0.004
2016-02-18,0.004,0.004,0.004,0.004,000,0.004
2016-02-19,0.004,0.004,0.004,0.004,000,0.004
2016-02-22,0.004,0.004,0.004,0.004,191100,0.004
2016-02-23,0.004,0.004,0.004,0.004,000,0.004
2016-02-24,0.004,0.004,0.004,0.004,000,0.004
2016-02-25,0.004,0.004,0.004,0.004,000,0.004
2016-02-26,0.004,0.004,0.004,0.004,000,0.004
2016-02-29,0.004,0.004,0.004,0.004,000,0.004
2016-03-01,0.004,0.004,0.004,0.004,000,0.004
2016-03-02,0.004,0.004,0.004,0.004,000,0.004
2016-03-03,0.004,0.004,0.004,0.004,000,0.004
2016-03-04,0.004,0.004,0.004,0.004,000,0.004
2016-03-07,0.004,0.004,0.004,0.004,000,0.004
2016-03-08,0.004,0.004,0.004,0.004,000,0.004
2016-03-09,0.004,0.004,0.004,0.004,000,0.004
2016-03-10,0.004,0.004,0.004,0.004,000,0.004
2016-03-11,0.004,0.004,0.004,0.004,130000,0.004
2016-03-14,0.004,0.004,0.004,0.004,000,0.004
2016-03-15,0.003,0.003,0.003,0.003,105000,0.003
2016-03-16,0.003,0.003,0.003,0.003,000,0.003
2016-03-17,0.003,0.003,0.003,0.003,000,0.003
2016-03-18,0.003,0.003,0.003,0.003,000,0.003
2016-03-21,0.003,0.003,0.003,0.003,000,0.003
2016-03-22,0.003,0.003,0.003,0.003,000,0.003
2016-03-23,0.003,0.003,0.003,0.003,000,0.003
2016-03-24,0.003,0.003,0.003,0.003,000,0.003
2016-03-25,0.003,0.003,0.003,0.003,000,0.003
2016-03-28,0.003,0.003,0.003,0.003,000,0.003
2016-03-29,0.003,0.003,0.003,0.003,000,0.003
2016-03-30,0.003,0.003,0.003,0.003,000,0.003
2016-03-31,0.003,0.003,0.003,0.003,000,0.003
2016-04-01,0.003,0.003,0.003,0.003,000,0.003
2016-04-04,0.003,0.003,0.003,0.003,000,0.003
2016-04-05,0.003,0.003,0.003,0.003,000,0.003
2016-04-06,0.003,0.003,0.003,0.003,000,0.003
2016-04-07,0.003,0.003,0.003,0.003,000,0.003
2016-04-08,0.003,0.003,0.003,0.003,000,0.003
