Date,Open,High,Low,Close,Volume,Adj Close
2015-01-01,0.20,0.20,0.20,0.20,000,0.20
2015-01-02,0.20,0.20,0.20,0.20,000,0.20
2015-01-05,0.20,0.20,0.20,0.20,000,0.20
2015-01-06,0.20,0.20,0.20,0.20,000,0.20
2015-01-07,0.20,0.20,0.20,0.20,000,0.20
2015-01-08,0.20,0.20,0.20,0.20,000,0.20
2015-01-09,0.20,0.20,0.20,0.20,000,0.20
2015-01-12,0.20,0.20,0.20,0.20,000,0.20
2015-01-13,0.20,0.20,0.20,0.20,000,0.20
2015-01-14,0.20,0.20,0.20,0.20,000,0.20
2015-01-15,0.20,0.20,0.20,0.20,000,0.20
2015-01-16,0.20,0.20,0.20,0.20,000,0.20
2015-01-19,0.20,0.20,0.20,0.20,000,0.20
2015-01-20,0.20,0.20,0.20,0.20,000,0.20
2015-01-21,0.20,0.20,0.20,0.20,000,0.20
2015-01-22,0.20,0.20,0.20,0.20,000,0.20
2015-01-23,0.20,0.20,0.20,0.20,000,0.20
2015-01-26,0.20,0.20,0.20,0.20,000,0.20
2015-01-27,0.20,0.20,0.20,0.20,000,0.20
2015-01-28,0.20,0.20,0.20,0.20,000,0.20
2015-01-29,0.20,0.20,0.20,0.20,000,0.20
2015-01-30,0.20,0.20,0.20,0.20,000,0.20
2015-02-02,0.20,0.20,0.20,0.20,000,0.20
2015-02-03,0.20,0.20,0.20,0.20,000,0.20
2015-02-04,0.20,0.20,0.20,0.20,000,0.20
2015-02-05,0.20,0.20,0.20,0.20,000,0.20
2015-02-06,0.20,0.20,0.20,0.20,000,0.20
2015-02-09,0.20,0.20,0.20,0.20,000,0.20
2015-02-10,0.20,0.20,0.20,0.20,000,0.20
2015-02-11,0.20,0.20,0.20,0.20,000,0.20
2015-02-12,0.14,0.14,0.14,0.14,3500,0.14
2015-02-13,0.14,0.14,0.14,0.14,000,0.14
2015-02-16,0.14,0.14,0.14,0.14,000,0.14
2015-02-17,0.14,0.14,0.14,0.14,000,0.14
2015-02-18,0.14,0.14,0.14,0.14,000,0.14
2015-02-19,0.14,0.14,0.14,0.14,000,0.14
2015-02-20,0.14,0.19,0.14,0.19,6500,0.19
2015-02-23,0.19,0.19,0.19,0.19,000,0.19
2015-02-24,0.19,0.19,0.19,0.19,000,0.19
2015-02-25,0.19,0.19,0.19,0.19,000,0.19
2015-02-26,0.19,0.19,0.19,0.19,000,0.19
2015-02-27,0.19,0.19,0.19,0.19,000,0.19
2015-03-02,0.19,0.19,0.19,0.19,000,0.19
2015-03-03,0.19,0.19,0.19,0.19,000,0.19
2015-03-04,0.19,0.19,0.19,0.19,000,0.19
2015-03-05,0.19,0.19,0.19,0.19,000,0.19
2015-03-06,0.19,0.19,0.19,0.19,000,0.19
2015-03-09,0.19,0.19,0.19,0.19,000,0.19
2015-03-10,0.19,0.19,0.19,0.19,000,0.19
2015-03-11,0.19,0.19,0.19,0.19,000,0.19
2015-03-12,0.19,0.19,0.19,0.19,000,0.19
2015-03-13,0.19,0.19,0.19,0.19,000,0.19
2015-03-16,0.19,0.19,0.19,0.19,000,0.19
2015-03-17,0.19,0.19,0.19,0.19,000,0.19
2015-03-18,0.19,0.19,0.19,0.19,000,0.19
2015-03-19,0.19,0.19,0.19,0.19,000,0.19
2015-03-20,0.19,0.19,0.19,0.19,000,0.19
2015-03-23,0.19,0.19,0.19,0.19,000,0.19
2015-03-24,0.16,0.16,0.16,0.16,1595000,0.16
2015-03-25,0.16,0.16,0.16,0.16,000,0.16
2015-03-26,0.16,0.16,0.16,0.16,000,0.16
2015-03-27,0.16,0.16,0.16,0.16,000,0.16
2015-03-30,0.15,0.15,0.15,0.15,79100,0.15
2015-03-31,0.15,0.15,0.15,0.15,000,0.15
2015-04-01,0.15,0.15,0.15,0.15,000,0.15
2015-04-02,0.15,0.15,0.15,0.15,000,0.15
2015-04-03,0.15,0.15,0.15,0.15,000,0.15
2015-04-06,0.15,0.15,0.15,0.15,000,0.15
2015-04-07,0.15,0.15,0.15,0.15,000,0.15
2015-04-08,0.14,0.14,0.14,0.14,3100,0.14
2015-04-09,0.14,0.14,0.14,0.14,000,0.14
2015-04-10,0.14,0.14,0.14,0.14,000,0.14
2015-04-13,0.14,0.14,0.14,0.14,000,0.14
2015-04-14,0.14,0.14,0.14,0.14,000,0.14
2015-04-15,0.14,0.14,0.14,0.14,000,0.14
2015-04-16,0.14,0.14,0.14,0.14,000,0.14
2015-04-17,0.14,0.14,0.14,0.14,000,0.14
2015-04-20,0.14,0.14,0.14,0.14,000,0.14
2015-04-21,0.14,0.14,0.14,0.14,5000,0.14
2015-04-22,0.14,0.14,0.14,0.14,000,0.14
2015-04-23,0.14,0.14,0.14,0.14,000,0.14
2015-04-24,0.14,0.14,0.14,0.14,000,0.14
2015-04-27,0.14,0.14,0.14,0.14,000,0.14
2015-04-28,0.14,0.14,0.14,0.14,000,0.14
2015-04-29,0.14,0.14,0.14,0.14,000,0.14
2015-04-30,0.14,0.14,0.14,0.14,000,0.14
2015-05-01,0.14,0.14,0.14,0.14,000,0.14
2015-05-04,0.14,0.14,0.14,0.14,000,0.14
2015-05-05,0.145,0.15,0.145,0.15,12500,0.15
2015-05-06,0.15,0.15,0.15,0.15,5000,0.15
2015-05-07,0.15,0.15,0.15,0.15,000,0.15
2015-05-08,0.15,0.15,0.15,0.15,000,0.15
2015-05-11,0.15,0.15,0.15,0.15,000,0.15
2015-05-12,0.15,0.15,0.15,0.15,000,0.15
2015-05-13,0.15,0.15,0.15,0.15,000,0.15
2015-05-14,0.15,0.15,0.15,0.15,000,0.15
2015-05-15,0.15,0.15,0.15,0.15,000,0.15
2015-05-18,0.15,0.15,0.15,0.15,2000,0.15
2015-05-19,0.15,0.15,0.15,0.15,000,0.15
2015-05-20,0.15,0.15,0.15,0.15,000,0.15
2015-05-21,0.15,0.15,0.15,0.15,000,0.15
2015-05-22,0.15,0.15,0.15,0.15,2000,0.15
2015-05-25,0.15,0.15,0.15,0.15,000,0.15
2015-05-26,0.15,0.15,0.15,0.15,000,0.15
2015-05-27,0.15,0.15,0.15,0.15,000,0.15
2015-05-28,0.15,0.15,0.15,0.15,000,0.15
2015-05-29,0.15,0.15,0.15,0.15,000,0.15
2015-06-01,0.15,0.15,0.15,0.15,000,0.15
2015-06-02,0.15,0.15,0.15,0.15,000,0.15
2015-06-03,0.15,0.15,0.15,0.15,7000,0.15
2015-06-04,0.15,0.15,0.15,0.15,000,0.15
2015-06-05,0.15,0.15,0.15,0.15,000,0.15
2015-06-08,0.15,0.15,0.15,0.15,000,0.15
2015-06-09,0.15,0.15,0.15,0.15,000,0.15
2015-06-10,0.15,0.15,0.15,0.15,000,0.15
2015-06-11,0.15,0.15,0.15,0.15,000,0.15
2015-06-12,0.15,0.15,0.15,0.15,000,0.15
2015-06-15,0.135,0.135,0.135,0.135,3000,0.135
2015-06-16,0.135,0.135,0.135,0.135,000,0.135
2015-06-17,0.135,0.135,0.135,0.135,000,0.135
2015-06-18,0.135,0.135,0.135,0.135,000,0.135
2015-06-19,0.135,0.135,0.135,0.135,000,0.135
2015-06-22,0.135,0.135,0.135,0.135,4000,0.135
2015-06-23,0.135,0.135,0.135,0.135,19000,0.135
2015-06-24,0.135,0.135,0.135,0.135,000,0.135
2015-06-25,0.135,0.135,0.135,0.135,000,0.135
2015-06-26,0.135,0.135,0.135,0.135,000,0.135
2015-06-29,0.135,0.135,0.135,0.135,000,0.135
2015-06-30,0.135,0.135,0.135,0.135,000,0.135
2015-07-01,0.135,0.135,0.135,0.135,000,0.135
2015-07-02,0.135,0.135,0.135,0.135,000,0.135
2015-07-03,0.135,0.135,0.135,0.135,000,0.135
2015-07-06,0.135,0.135,0.135,0.135,000,0.135
2015-07-07,0.135,0.135,0.135,0.135,000,0.135
2015-07-08,0.135,0.135,0.135,0.135,000,0.135
2015-07-09,0.135,0.135,0.135,0.135,000,0.135
2015-07-10,0.135,0.135,0.135,0.135,000,0.135
2015-07-13,0.135,0.135,0.135,0.135,000,0.135
2015-07-14,0.135,0.135,0.135,0.135,000,0.135
2015-07-15,0.135,0.135,0.135,0.135,000,0.135
2015-07-16,0.135,0.135,0.135,0.135,000,0.135
2015-07-17,0.135,0.135,0.135,0.135,000,0.135
2015-07-20,0.135,0.135,0.135,0.135,000,0.135
2015-07-21,0.135,0.135,0.135,0.135,000,0.135
2015-07-22,0.135,0.135,0.135,0.135,000,0.135
2015-07-23,0.135,0.135,0.135,0.135,000,0.135
2015-07-24,0.135,0.135,0.135,0.135,000,0.135
2015-07-27,0.135,0.135,0.135,0.135,000,0.135
2015-07-28,0.135,0.135,0.135,0.135,000,0.135
2015-07-29,0.135,0.135,0.135,0.135,000,0.135
2015-07-30,0.135,0.135,0.135,0.135,000,0.135
2015-07-31,0.135,0.135,0.135,0.135,000,0.135
2015-08-03,0.135,0.135,0.135,0.135,000,0.135
2015-08-04,0.135,0.135,0.135,0.135,1000,0.135
2015-08-05,0.135,0.135,0.135,0.135,000,0.135
2015-08-06,0.135,0.135,0.135,0.135,8000,0.135
2015-08-07,0.135,0.135,0.135,0.135,000,0.135
2015-08-10,0.135,0.135,0.135,0.135,000,0.135
2015-08-11,0.135,0.135,0.135,0.135,242500,0.135
2015-08-12,0.135,0.135,0.135,0.135,000,0.135
2015-08-13,0.135,0.135,0.135,0.135,000,0.135
2015-08-14,0.135,0.135,0.135,0.135,000,0.135
2015-08-17,0.135,0.135,0.135,0.135,000,0.135
2015-08-18,0.135,0.135,0.135,0.135,000,0.135
2015-08-19,0.135,0.135,0.135,0.135,000,0.135
2015-08-20,0.135,0.135,0.135,0.135,000,0.135
2015-08-21,0.135,0.135,0.135,0.135,000,0.135
2015-08-24,0.135,0.135,0.135,0.135,000,0.135
2015-08-25,0.135,0.135,0.135,0.135,000,0.135
2015-08-26,0.135,0.135,0.135,0.135,000,0.135
2015-08-27,0.135,0.135,0.135,0.135,000,0.135
2015-08-28,0.135,0.135,0.135,0.135,000,0.135
2015-08-31,0.135,0.135,0.135,0.135,000,0.135
2015-09-01,0.135,0.135,0.135,0.135,000,0.135
2015-09-02,0.135,0.135,0.135,0.135,000,0.135
2015-09-03,0.135,0.135,0.135,0.135,000,0.135
2015-09-04,0.135,0.135,0.135,0.135,000,0.135
2015-09-07,0.135,0.135,0.135,0.135,000,0.135
2015-09-08,0.135,0.135,0.135,0.135,000,0.135
2015-09-09,0.135,0.135,0.135,0.135,000,0.135
2015-09-10,0.135,0.135,0.135,0.135,000,0.135
2015-09-11,0.135,0.135,0.135,0.135,000,0.135
2015-09-14,0.135,0.135,0.135,0.135,000,0.135
2015-09-15,0.135,0.135,0.135,0.135,000,0.135
2015-09-16,0.135,0.135,0.135,0.135,000,0.135
2015-09-17,0.135,0.135,0.135,0.135,000,0.135
2015-09-18,0.11,0.11,0.11,0.11,6500,0.11
2015-09-21,0.12,0.12,0.12,0.12,17000,0.12
2015-09-22,0.12,0.12,0.12,0.12,000,0.12
2015-09-23,0.12,0.12,0.12,0.12,000,0.12
2015-09-24,0.12,0.12,0.12,0.12,000,0.12
2015-09-25,0.12,0.12,0.12,0.12,000,0.12
2015-09-28,0.12,0.12,0.12,0.12,000,0.12
2015-09-29,0.12,0.12,0.12,0.12,000,0.12
2015-09-30,0.12,0.12,0.12,0.12,000,0.12
2015-10-01,0.12,0.12,0.12,0.12,000,0.12
2015-10-02,0.12,0.12,0.12,0.12,000,0.12
2015-10-05,0.135,0.135,0.135,0.135,1000,0.135
2015-10-06,0.135,0.135,0.135,0.135,000,0.135
2015-10-07,0.18,0.18,0.18,0.18,74300,0.18
2015-10-08,0.18,0.18,0.18,0.18,23500,0.18
2015-10-09,0.18,0.18,0.18,0.18,000,0.18
2015-10-12,0.18,0.18,0.18,0.18,152100,0.18
2015-10-13,0.18,0.18,0.18,0.18,000,0.18
2015-10-14,0.18,0.18,0.18,0.18,000,0.18
2015-10-15,0.16,0.16,0.16,0.16,3200,0.16
2015-10-16,0.16,0.16,0.16,0.16,000,0.16
2015-10-19,0.16,0.16,0.16,0.16,000,0.16
2015-10-20,0.16,0.16,0.16,0.16,000,0.16
2015-10-21,0.16,0.16,0.16,0.16,000,0.16
2015-10-22,0.16,0.16,0.16,0.16,000,0.16
2015-10-23,0.16,0.16,0.16,0.16,000,0.16
2015-10-26,0.16,0.16,0.16,0.16,000,0.16
2015-10-27,0.16,0.16,0.16,0.16,000,0.16
2015-10-28,0.16,0.16,0.16,0.16,000,0.16
2015-10-29,0.16,0.16,0.16,0.16,000,0.16
2015-10-30,0.16,0.16,0.16,0.16,000,0.16
2015-11-02,0.16,0.16,0.16,0.16,000,0.16
2015-11-03,0.16,0.16,0.16,0.16,000,0.16
2015-11-04,0.16,0.16,0.16,0.16,000,0.16
2015-11-05,0.16,0.16,0.16,0.16,000,0.16
2015-11-06,0.16,0.16,0.16,0.16,000,0.16
2015-11-09,0.16,0.16,0.16,0.16,000,0.16
2015-11-10,0.16,0.16,0.16,0.16,000,0.16
2015-11-11,0.16,0.16,0.16,0.16,000,0.16
2015-11-12,0.16,0.16,0.16,0.16,000,0.16
2015-11-13,0.16,0.16,0.16,0.16,000,0.16
2015-11-16,0.155,0.155,0.155,0.155,5000,0.155
2015-11-17,0.155,0.155,0.155,0.155,000,0.155
2015-11-18,0.155,0.155,0.155,0.155,000,0.155
2015-11-19,0.155,0.155,0.155,0.155,000,0.155
2015-11-20,0.155,0.155,0.155,0.155,000,0.155
2015-11-23,0.155,0.155,0.155,0.155,000,0.155
2015-11-24,0.125,0.125,0.125,0.125,264600,0.125
2015-11-25,0.125,0.125,0.125,0.125,10000,0.125
2015-11-26,0.125,0.125,0.125,0.125,000,0.125
2015-11-27,0.125,0.125,0.125,0.125,000,0.125
2015-11-30,0.125,0.125,0.125,0.125,000,0.125
2015-12-01,0.125,0.125,0.125,0.125,000,0.125
2015-12-02,0.125,0.125,0.125,0.125,000,0.125
2015-12-03,0.125,0.125,0.125,0.125,000,0.125
2015-12-04,0.125,0.125,0.125,0.125,000,0.125
2015-12-07,0.125,0.125,0.125,0.125,000,0.125
2015-12-08,0.125,0.125,0.125,0.125,000,0.125
2015-12-09,0.125,0.125,0.125,0.125,000,0.125
2015-12-10,0.125,0.125,0.125,0.125,000,0.125
2015-12-11,0.125,0.125,0.125,0.125,000,0.125
2015-12-14,0.125,0.125,0.125,0.125,000,0.125
2015-12-15,0.125,0.125,0.125,0.125,000,0.125
2015-12-16,0.135,0.135,0.125,0.125,13200,0.125
2015-12-17,0.125,0.125,0.125,0.125,000,0.125
2015-12-18,0.125,0.125,0.125,0.125,000,0.125
2015-12-21,0.125,0.125,0.125,0.125,000,0.125
2015-12-22,0.125,0.125,0.125,0.125,000,0.125
2015-12-23,0.125,0.125,0.125,0.125,000,0.125
2015-12-24,0.125,0.125,0.125,0.125,000,0.125
2015-12-25,0.125,0.125,0.125,0.125,000,0.125
2015-12-28,0.125,0.125,0.125,0.125,000,0.125
2015-12-29,0.125,0.125,0.125,0.125,000,0.125
2015-12-30,0.125,0.125,0.125,0.125,000,0.125
2015-12-31,0.125,0.125,0.125,0.125,000,0.125
2016-01-01,0.125,0.125,0.125,0.125,000,0.125
2016-01-04,0.125,0.125,0.125,0.125,000,0.125
2016-01-05,0.125,0.125,0.125,0.125,000,0.125
2016-01-06,0.13,0.13,0.13,0.13,6200,0.13
2016-01-07,0.13,0.13,0.13,0.13,000,0.13
2016-01-08,0.13,0.13,0.13,0.13,000,0.13
2016-01-11,0.135,0.135,0.135,0.135,5500,0.135
2016-01-12,0.135,0.135,0.135,0.135,000,0.135
2016-01-13,0.135,0.135,0.135,0.135,000,0.135
2016-01-14,0.135,0.135,0.135,0.135,000,0.135
2016-01-15,0.135,0.135,0.135,0.135,000,0.135
2016-01-18,0.135,0.135,0.135,0.135,000,0.135
2016-01-19,0.14,0.14,0.125,0.125,118400,0.125
2016-01-20,0.125,0.125,0.125,0.125,000,0.125
2016-01-21,0.125,0.125,0.125,0.125,000,0.125
2016-01-22,0.125,0.125,0.125,0.125,000,0.125
2016-01-25,0.125,0.125,0.125,0.125,000,0.125
2016-01-26,0.125,0.125,0.125,0.125,000,0.125
2016-01-27,0.125,0.125,0.125,0.125,000,0.125
2016-01-28,0.125,0.125,0.125,0.125,000,0.125
2016-01-29,0.125,0.125,0.125,0.125,000,0.125
2016-02-01,0.125,0.125,0.125,0.125,000,0.125
2016-02-02,0.125,0.125,0.125,0.125,000,0.125
2016-02-03,0.125,0.125,0.125,0.125,000,0.125
2016-02-04,0.125,0.125,0.125,0.125,000,0.125
2016-02-05,0.125,0.125,0.125,0.125,000,0.125
2016-02-08,0.125,0.125,0.125,0.125,000,0.125
2016-02-09,0.125,0.125,0.125,0.125,000,0.125
2016-02-10,0.125,0.125,0.125,0.125,000,0.125
2016-02-11,0.125,0.125,0.125,0.125,000,0.125
2016-02-12,0.125,0.125,0.125,0.125,000,0.125
2016-02-15,0.125,0.125,0.125,0.125,000,0.125
2016-02-16,0.125,0.125,0.125,0.125,000,0.125
2016-02-17,0.125,0.125,0.125,0.125,000,0.125
2016-02-18,0.125,0.125,0.125,0.125,000,0.125
2016-02-19,0.125,0.125,0.125,0.125,000,0.125
2016-02-22,0.125,0.125,0.125,0.125,000,0.125
2016-02-23,0.125,0.125,0.125,0.125,000,0.125
2016-02-24,0.125,0.125,0.125,0.125,000,0.125
2016-02-25,0.125,0.125,0.125,0.125,000,0.125
2016-02-26,0.125,0.125,0.125,0.125,000,0.125
2016-02-29,0.125,0.125,0.125,0.125,000,0.125
2016-03-01,0.125,0.125,0.125,0.125,000,0.125
2016-03-02,0.125,0.125,0.125,0.125,000,0.125
2016-03-03,0.125,0.125,0.125,0.125,000,0.125
2016-03-04,0.125,0.125,0.125,0.125,000,0.125
2016-03-07,0.125,0.125,0.125,0.125,000,0.125
2016-03-08,0.125,0.125,0.125,0.125,000,0.125
2016-03-09,0.125,0.125,0.125,0.125,000,0.125
2016-03-10,0.125,0.125,0.125,0.125,000,0.125
2016-03-11,0.16,0.16,0.16,0.16,200000,0.16
2016-03-14,0.16,0.16,0.16,0.16,000,0.16
2016-03-15,0.16,0.16,0.16,0.16,000,0.16
2016-03-16,0.16,0.16,0.16,0.16,000,0.16
2016-03-17,0.16,0.16,0.16,0.16,000,0.16
2016-03-18,0.16,0.16,0.16,0.16,220400,0.16
2016-03-21,0.16,0.16,0.16,0.16,000,0.16
2016-03-22,0.16,0.16,0.16,0.16,000,0.16
2016-03-23,0.16,0.16,0.16,0.16,000,0.16
2016-03-24,0.15,0.15,0.15,0.15,11000,0.15
2016-03-25,0.15,0.15,0.15,0.15,000,0.15
2016-03-28,0.15,0.15,0.15,0.15,000,0.15
2016-03-29,0.15,0.15,0.15,0.15,000,0.15
2016-03-30,0.15,0.15,0.15,0.15,000,0.15
2016-03-31,0.15,0.15,0.15,0.15,000,0.15
2016-04-01,0.15,0.15,0.15,0.15,000,0.15
2016-04-04,0.15,0.15,0.15,0.15,000,0.15
2016-04-05,0.15,0.15,0.15,0.15,000,0.15
2016-04-06,0.15,0.15,0.15,0.15,000,0.15
2016-04-07,0.15,0.15,0.15,0.15,000,0.15
2016-04-08,0.15,0.15,0.15,0.15,000,0.15
2016-04-15,0.15,0.15,0.15,0.15,41100,0.15


2016-04-18,0.15,0.15,0.15,0.15,000,0.15
2016-04-19,0.15,0.15,0.15,0.15,000,0.15
2016-04-20,0.15,0.15,0.15,0.15,000,0.15
2016-04-21,0.15,0.15,0.15,0.15,000,0.15
2016-04-22,0.15,0.15,0.15,0.15,000,0.15


2016-04-25,0.15,0.15,0.15,0.15,000,0.15
2016-04-26,0.15,0.15,0.15,0.15,000,0.15
2016-04-27,0.15,0.15,0.15,0.15,000,0.15
2016-04-28,0.15,0.15,0.15,0.15,000,0.15
2016-04-29,0.125,0.125,0.125,0.125,25000,0.125


2016-05-02,0.125,0.125,0.125,0.125,000,0.125
2016-05-03,0.125,0.125,0.125,0.125,000,0.125
2016-05-04,0.125,0.125,0.125,0.125,000,0.125
2016-05-05,0.125,0.125,0.125,0.125,000,0.125
2016-05-06,0.125,0.125,0.125,0.125,000,0.125


2016-05-09,0.125,0.125,0.125,0.125,000,0.125
2016-05-10,0.125,0.125,0.125,0.125,000,0.125
2016-05-11,0.125,0.125,0.125,0.125,000,0.125
2016-05-12,0.125,0.125,0.125,0.125,000,0.125
2016-05-16,0.125,0.125,0.125,0.125,000,0.125
2016-05-17,0.125,0.125,0.125,0.125,000,0.125
2016-05-18,0.145,0.145,0.145,0.145,3500,0.145
2016-05-19,0.145,0.145,0.145,0.145,000,0.145
2016-05-20,0.145,0.145,0.145,0.145,000,0.145


2016-05-23,0.145,0.145,0.145,0.145,000,0.145
2016-05-24,0.145,0.145,0.145,0.145,000,0.145
2016-05-25,0.145,0.145,0.145,0.145,000,0.145
2016-05-26,0.145,0.145,0.145,0.145,000,0.145
2016-05-27,0.145,0.145,0.145,0.145,000,0.145


2016-05-30,0.145,0.145,0.145,0.145,000,0.145
2016-05-31,0.145,0.145,0.145,0.145,000,0.145
2016-06-01,0.145,0.145,0.145,0.145,000,0.145
2016-06-02,0.145,0.145,0.145,0.145,000,0.145
2016-06-13,0.145,0.145,0.145,0.145,000,0.145
2016-06-14,0.145,0.145,0.145,0.145,000,0.145
