Date,Open,High,Low,Close,Volume,Adj Close
2015-01-01,32.09,32.09,32.09,32.09,000,29.32237
2015-01-02,32.09,32.29,31.91,32.23,1925800,29.45029
2015-01-05,32.21,32.41,32.00,32.17,2507200,29.39547
2015-01-06,31.84,32.01,31.59,31.78,4771000,29.0391
2015-01-07,31.78,31.91,31.46,31.72,4039900,28.98428
2015-01-08,31.92,32.09,31.70,31.91,3043600,29.15789
2015-01-09,32.15,32.45,32.12,32.39,4851600,29.59649
2015-01-12,32.10,32.39,32.10,32.23,2500100,29.45029
2015-01-13,32.00,32.18,31.88,32.16,3234600,29.38633
2015-01-14,32.23,32.23,31.615,31.67,4555300,28.93859
2015-01-15,31.50,31.54,31.24,31.50,7411400,28.78325
2015-01-16,31.26,31.40,31.05,31.26,4586300,28.56395
2015-01-19,31.60,31.65,31.16,31.28,4711200,28.58223
2015-01-20,31.30,31.61,31.22,31.51,4055000,28.79239
2015-01-21,31.61,31.81,31.47,31.63,5703600,28.90204
2015-01-22,31.82,31.98,31.69,31.77,4832300,29.02997
2015-01-23,32.06,32.27,32.00,32.20,5658300,29.42288
2015-01-26,32.20,32.20,32.20,32.20,000,29.42288
2015-01-27,32.32,32.61,32.22,32.57,5425400,29.76097
2015-01-28,32.50,32.73,32.23,32.64,5292600,29.82493
2015-01-29,32.39,33.07,32.35,32.95,6416700,30.1082
2015-01-30,33.16,33.27,32.96,33.00,11988300,30.15388
2015-02-02,33.00,33.48,33.00,33.37,4916700,30.49197
2015-02-03,33.49,34.14,33.46,34.11,8667200,31.16815
2015-02-04,34.59,34.74,34.32,34.62,7687600,31.63416
2015-02-05,34.60,35.07,34.43,34.98,6185600,31.96312
2015-02-06,35.02,35.27,34.70,34.90,5391200,31.89002
2015-02-09,34.75,34.98,34.55,34.98,3042200,31.96312
2015-02-10,34.98,34.98,34.79,34.90,2943700,31.89002
2015-02-11,35.05,35.26,34.835,35.09,4035100,32.06363
2015-02-12,35.15,35.23,34.94,34.98,5263700,31.96312
2015-02-13,35.09,35.75,35.06,35.74,7532300,32.65757
2015-02-16,35.74,35.87,35.33,35.87,3069100,32.77636
2015-02-17,34.79,35.27,34.55,34.99,9594800,31.97226
2015-02-18,35.14,35.14,34.57,35.13,7222300,32.10018
2015-02-19,35.16,35.21,34.83,35.00,4658300,31.98139
2015-02-20,34.98,35.08,34.76,34.81,3787600,31.80778
2015-02-23,34.94,35.12,34.75,35.04,3713700,32.01794
2015-02-24,35.04,35.31,34.74,35.29,6138000,32.24638
2015-02-25,35.38,35.52,35.27,35.31,3611300,32.26466
2015-02-26,35.22,35.31,35.03,35.16,3754900,32.12759
2015-02-27,35.30,35.51,34.97,35.34,11279700,32.29207
2015-03-02,35.36,35.88,35.35,35.70,4960400,32.62102
2015-03-03,35.73,36.09,35.43,35.66,4740500,32.58447
2015-03-04,35.85,35.89,35.41,35.52,3608600,32.45654
2015-03-05,35.50,35.63,35.295,35.50,6492400,32.43827
2015-03-06,35.39,35.67,35.25,35.39,3198600,32.33776
2015-03-09,35.15,35.33,35.05,35.16,3030200,32.12759
2015-03-10,35.29,35.53,35.11,35.30,3526700,32.25552
2015-03-11,35.00,35.35,34.90,35.22,3511500,32.18242
2015-03-12,35.16,35.75,35.14,35.64,3581700,32.56619
2015-03-13,35.65,35.81,35.30,35.44,2794800,32.38344
2015-03-16,35.50,35.68,35.20,35.55,3055400,32.48396
2015-03-17,35.82,36.05,35.77,35.91,4020500,32.81291
2015-03-18,35.74,35.97,35.50,35.92,4662600,32.82204
2015-03-19,36.29,36.68,36.11,36.63,8311900,33.47081
2015-03-20,36.58,36.87,36.46,36.79,7294900,33.61701
2015-03-23,36.89,37.05,36.76,36.80,3614900,33.62615
2015-03-24,36.69,36.94,36.61,36.89,3616200,33.70839
2015-03-25,36.70,37.19,36.70,37.19,4968700,33.98251
2015-03-26,36.87,36.90,36.40,36.40,6642900,33.26065
2015-03-27,36.39,36.80,36.31,36.80,11840200,33.62615
2015-03-30,36.55,36.59,36.30,36.36,4063000,33.2241
2015-03-31,36.55,36.82,36.55,36.64,4373800,33.47995
2015-04-01,36.32,36.66,36.32,36.45,5507000,33.30634
2015-04-02,36.46,36.78,36.46,36.67,3005800,33.50736
2015-04-03,36.67,36.67,36.67,36.67,000,33.50736
2015-04-06,36.67,36.67,36.67,36.67,000,33.50736
2015-04-07,37.05,37.25,36.51,36.90,4246800,33.71753
2015-04-08,36.90,37.05,36.66,36.79,3212400,33.61701
2015-04-09,36.80,36.92,36.52,36.62,3406300,33.46167
2015-04-10,36.65,36.85,36.41,36.80,2892800,33.62615
2015-04-13,36.85,36.98,36.72,36.74,2440600,33.57133
2015-04-14,36.50,36.68,36.27,36.32,5478400,33.18755
2015-04-15,36.50,36.50,35.83,35.94,5058600,32.84032
2015-04-16,36.25,36.29,35.93,36.02,4119700,32.91342
2015-04-17,35.90,35.98,35.475,35.60,5856200,32.52964
2015-04-20,35.23,35.74,35.08,35.64,4386300,32.56619
2015-04-21,35.95,35.97,35.64,35.76,3571300,32.67584
2015-04-22,35.65,35.67,35.20,35.49,4265300,32.42913
2015-04-23,35.55,35.60,35.16,35.26,3744900,32.21897
2015-04-24,35.50,35.74,35.36,35.72,7752000,32.6393
2015-04-27,35.70,35.80,35.45,35.58,6086300,32.51137
2015-04-28,35.52,35.62,35.33,35.41,5376800,32.35603
2015-04-29,35.30,35.56,34.75,34.75,6332300,31.75295
2015-04-30,34.20,34.30,33.82,33.99,10636100,31.0585
2015-05-01,33.86,34.30,33.80,34.15,6043800,31.2047
2015-05-04,33.47,33.75,33.22,33.24,10246900,30.37319
2015-05-05,34.20,34.63,33.91,34.12,10688400,31.17729
2015-05-06,33.75,34.09,33.21,33.21,10035300,30.34577
2015-05-07,32.09,33.42,32.05,33.01,15467500,30.16302
2015-05-08,32.85,32.92,32.30,32.35,9003500,30.70264
2015-05-11,32.60,32.78,31.875,31.92,7625800,30.29454
2015-05-12,32.15,32.53,31.92,32.41,6845400,30.75958
2015-05-13,32.69,33.235,32.53,33.11,7413800,31.42394
2015-05-14,33.19,33.47,32.86,33.02,6066400,31.33852
2015-05-15,33.45,33.60,32.95,33.12,5945600,31.43343
2015-05-18,32.95,33.00,32.28,32.28,6505400,30.6362
2015-05-19,32.24,32.53,31.93,32.00,9509300,30.37046
2015-05-20,32.15,32.19,31.78,31.89,7348500,30.26606
2015-05-21,32.05,32.28,31.70,32.22,5818200,30.57926
2015-05-22,32.40,32.40,31.96,32.05,4332100,30.41792
2015-05-25,32.10,32.47,31.91,32.32,3726300,30.67417
2015-05-26,32.23,32.76,32.20,32.69,4469900,31.02532
2015-05-27,32.55,32.89,32.50,32.52,6453400,30.86398
2015-05-28,32.72,32.88,32.57,32.72,7290300,31.0538
2015-05-29,32.90,33.425,32.88,33.19,13143100,31.49986
2015-06-01,32.98,33.07,32.56,32.72,5022400,31.0538
2015-06-02,32.86,32.915,32.30,32.30,5058700,30.65518
2015-06-03,32.40,32.415,31.88,31.92,8484700,30.29454
2015-06-04,32.07,32.07,31.49,31.50,6966500,29.89592
2015-06-05,31.40,31.45,30.94,31.17,6585200,29.58273
2015-06-08,31.17,31.17,31.17,31.17,000,29.58273
2015-06-09,31.42,31.69,31.125,31.16,5568900,29.57324
2015-06-10,31.24,31.40,30.89,31.09,4891900,29.5068
2015-06-11,31.35,31.81,31.31,31.81,6240200,30.19014
2015-06-12,31.91,31.94,31.57,31.71,3964100,30.09523
2015-06-15,31.52,31.95,31.41,31.85,4954500,30.2281
2015-06-16,32.05,32.49,31.845,32.17,4753100,30.5318
2015-06-17,32.65,32.97,32.56,32.86,6369100,31.18667
2015-06-18,32.72,32.79,32.20,32.37,9540000,30.72162
2015-06-19,32.68,32.79,32.53,32.76,5239600,31.09176
2015-06-22,32.80,32.97,32.60,32.92,3753400,31.24361
2015-06-23,33.30,33.56,33.21,33.43,5883100,31.72764
2015-06-24,33.65,33.86,33.50,33.64,5366900,31.92695
2015-06-25,33.40,33.63,33.27,33.44,3716600,31.73713
2015-06-26,33.15,33.40,32.88,33.10,10638800,31.41445
2015-06-29,32.50,32.57,32.04,32.07,4915400,30.4369
2015-06-30,31.91,32.32,31.72,32.20,6185200,30.56028
2015-07-01,32.35,32.60,32.23,32.50,4528700,30.845
2015-07-02,32.47,33.02,32.40,32.91,4740300,31.23412
2015-07-03,32.98,33.04,32.29,32.46,5266400,30.80704
2015-07-06,32.02,32.29,31.85,32.21,4071000,30.56977
2015-07-07,32.41,33.13,32.33,33.03,5071200,31.34801
2015-07-08,32.68,32.79,32.12,32.27,9399400,30.62671
2015-07-09,31.82,32.36,31.66,32.21,5537400,30.56977
2015-07-10,32.33,32.52,32.22,32.25,3726200,30.60773
2015-07-13,32.12,32.45,31.82,31.90,5932200,30.27555
2015-07-14,32.38,32.45,31.95,32.20,5922800,30.56028
2015-07-15,32.25,32.47,32.16,32.42,4642000,30.76907
2015-07-16,32.79,32.90,32.45,32.64,5396400,30.97787
2015-07-17,32.70,32.78,32.21,32.44,4423500,30.78805
2015-07-20,32.40,32.92,32.25,32.85,5927200,31.17718
2015-07-21,33.01,33.16,32.86,33.05,3729600,31.36699
2015-07-22,32.78,32.90,32.50,32.54,4630000,30.88296
2015-07-23,32.33,32.50,32.14,32.15,6839400,30.51283
2015-07-24,32.05,32.41,31.92,32.05,6206000,30.41792
2015-07-27,31.82,32.17,31.71,32.11,4230800,30.47486
2015-07-28,31.82,32.27,31.82,32.22,6567100,30.57926
2015-07-29,32.41,32.58,32.23,32.25,5546100,30.60773
2015-07-30,32.40,32.57,32.20,32.47,4445800,30.81653
2015-07-31,32.60,32.73,32.49,32.68,8519300,31.01584
2015-08-03,32.74,32.79,32.55,32.68,3559000,31.01584
2015-08-04,32.71,33.03,32.555,32.78,6346900,31.11074
2015-08-05,32.90,32.90,32.35,32.58,5514400,30.92093
2015-08-06,32.58,32.58,32.58,32.58,000,30.92093
2015-08-07,29.99,30.64,29.80,30.14,32345400,28.60518
2015-08-10,30.38,30.71,30.26,30.60,9727500,29.04176
2015-08-11,30.80,30.80,30.07,30.07,8621600,28.53874
2015-08-12,30.30,30.37,29.40,29.50,10884800,27.99777
2015-08-13,29.73,30.11,29.61,29.76,6324400,28.24453
2015-08-14,29.70,29.78,29.29,29.29,9780300,27.79846
2015-08-17,29.45,29.67,29.37,29.52,5948100,28.01675
2015-08-18,29.50,29.66,28.97,28.97,9173300,27.49476
2015-08-19,29.12,29.88,29.02,29.84,11400500,28.32046
2015-08-20,29.41,29.59,29.06,29.13,8663200,27.64661
2015-08-21,28.72,28.72,28.00,28.34,15690600,26.89684
2015-08-24,27.70,27.91,26.91,26.91,14086400,25.53966
2015-08-25,26.50,28.10,26.41,27.99,19097400,26.56466
2015-08-26,27.28,28.16,27.10,28.07,10232000,26.64059
2015-08-27,28.62,28.82,28.55,28.57,9533200,27.11513
2015-08-28,29.16,29.16,28.17,28.53,11636200,27.07717
2015-08-31,28.30,28.37,27.62,27.93,9091400,26.50772
2015-09-01,27.70,27.90,27.07,27.07,9277100,25.69151
2015-09-02,27.13,27.49,26.80,27.42,10572600,26.02369
2015-09-03,27.76,27.88,26.92,26.96,6919400,25.58711
2015-09-04,27.10,27.125,26.71,26.86,9163800,25.49221
2015-09-07,26.99,27.04,26.46,26.71,5267200,25.34984
2015-09-08,27.00,27.53,26.81,27.53,6081100,26.12809
2015-09-09,27.95,28.545,27.925,28.54,12072100,27.08666
2015-09-10,27.97,28.03,27.64,27.65,9890700,26.24198
2015-09-11,27.80,27.91,27.35,27.52,7469400,26.1186
2015-09-14,28.05,28.11,27.62,27.78,6450600,26.36536
2015-09-15,27.98,27.98,27.11,27.14,6941500,25.75795
2015-09-16,27.45,27.88,27.25,27.88,8515900,26.46026
2015-09-17,28.25,28.52,28.06,28.18,9788100,26.74499
2015-09-18,28.29,28.60,27.71,28.40,14566300,26.95379
2015-09-21,28.00,28.00,27.52,27.72,6057100,26.30841
2015-09-22,27.93,28.10,27.61,27.83,4994000,26.41281
2015-09-23,27.57,27.63,26.93,26.99,10209500,25.61559
2015-09-24,27.21,27.45,27.12,27.34,7226900,25.94776
2015-09-25,27.52,27.66,27.00,27.00,9365800,25.62508
2015-09-28,27.01,27.58,26.98,27.40,5206200,26.00471
2015-09-29,26.94,26.97,26.38,26.38,11318000,25.03665
2015-09-30,26.64,27.09,26.44,27.08,8850900,25.701
2015-10-01,27.25,27.63,27.20,27.52,6559000,26.1186
2015-10-02,27.34,27.49,26.90,26.93,6845400,25.55864
2015-10-05,27.25,27.39,27.05,27.39,3996900,25.99522
2015-10-06,27.70,27.79,27.45,27.48,6279600,26.08063
2015-10-07,27.55,27.75,27.17,27.72,4937700,26.30841
2015-10-08,27.94,28.20,27.91,27.93,6252600,26.50772
2015-10-09,28.35,28.495,28.17,28.46,6660000,27.01073
2015-10-12,28.46,28.52,28.30,28.35,5946500,26.90633
2015-10-13,28.36,28.71,28.35,28.51,6427400,27.05818
2015-10-14,28.35,28.70,28.05,28.65,7520100,27.19105
2015-10-15,28.75,28.75,28.32,28.56,5329700,27.10564
2015-10-16,28.80,28.89,28.60,28.67,6428100,27.21004
2015-10-19,28.70,28.97,28.55,28.86,6256600,27.39036
2015-10-20,28.61,28.69,28.35,28.40,7200300,26.95379
2015-10-21,28.20,28.64,28.06,28.56,6082700,27.10564
2015-10-22,28.48,28.61,28.32,28.60,3831000,27.1436
2015-10-23,29.00,29.15,28.86,28.90,8754200,27.42832
2015-10-26,29.11,29.17,28.89,28.90,6350100,27.42832
2015-10-27,29.05,29.08,28.90,28.94,5925500,27.46629
2015-10-28,28.94,29.02,28.65,28.75,8170700,27.28596
2015-10-29,28.90,29.01,27.96,28.17,9511000,26.7355
2015-10-30,27.51,27.69,26.94,27.21,19046700,25.82438
2015-11-02,27.16,27.21,26.56,26.58,14340500,25.22647
2015-11-03,26.96,27.07,26.76,27.00,7664700,25.62508
2015-11-04,27.25,27.38,26.80,26.87,9489000,25.5017
2015-11-05,26.90,26.99,26.63,26.65,9095800,25.2929
2015-11-06,25.50,26.06,25.43,25.97,7825300,25.97
2015-11-09,25.90,25.90,25.26,25.36,10605600,25.36
2015-11-10,25.30,25.54,25.01,25.54,13973800,25.54
2015-11-11,25.89,26.35,25.82,26.23,11806800,26.23
2015-11-12,26.23,26.79,26.20,26.64,7438800,26.64
2015-11-13,26.05,26.39,25.82,26.31,8429800,26.31
2015-11-16,25.80,26.07,25.75,25.91,4933000,25.91
2015-11-17,26.13,26.49,26.015,26.49,6060600,26.49
2015-11-18,26.23,26.90,26.19,26.75,6450800,26.75
2015-11-19,27.00,27.56,26.92,27.52,9053000,27.52
2015-11-20,27.50,27.83,27.35,27.74,6314700,27.74
2015-11-23,27.73,27.93,27.56,27.85,5142300,27.85
2015-11-24,27.75,28.00,27.51,27.77,6366200,27.77
2015-11-25,27.80,27.84,27.42,27.44,5354300,27.44
2015-11-26,27.48,27.85,27.45,27.56,4357400,27.56
2015-11-27,27.74,27.80,27.23,27.34,9239200,27.34
2015-11-30,27.38,27.47,27.11,27.15,11789900,27.15
2015-12-01,27.06,27.95,27.06,27.79,10114500,27.79
2015-12-02,27.78,28.00,27.78,27.90,5562600,27.90
2015-12-03,27.70,27.98,27.58,27.81,4837500,27.81
2015-12-04,27.18,27.38,26.77,27.11,9237300,27.11
2015-12-07,27.61,27.62,27.205,27.27,5057300,27.27
2015-12-08,27.08,27.22,26.81,26.82,7096600,26.82
2015-12-09,26.70,26.80,26.36,26.43,7221300,26.43
2015-12-10,26.46,26.46,25.67,26.19,9307700,26.19
2015-12-11,26.19,26.46,25.96,26.22,4638100,26.22
2015-12-14,25.78,26.10,25.67,25.68,6222100,25.68
2015-12-15,25.68,25.89,25.33,25.33,7952700,25.33
2015-12-16,25.74,26.10,25.62,26.01,6572300,26.01
2015-12-17,26.49,26.70,26.39,26.53,10019700,26.53
2015-12-18,26.18,26.60,26.04,26.48,15139200,26.48
2015-12-21,26.26,26.86,26.18,26.79,5275100,26.79
2015-12-22,27.00,27.06,26.51,26.68,4748200,26.68
2015-12-23,26.86,27.08,26.82,26.88,4753600,26.88
2015-12-24,27.10,27.38,27.06,27.25,2659800,27.25
2015-12-25,27.25,27.25,27.25,27.25,000,27.25
2015-12-28,27.25,27.25,27.25,27.25,000,27.25
2015-12-29,27.20,27.63,27.12,27.63,3706500,27.63
2015-12-30,27.87,28.03,27.74,27.96,5357300,27.96
2015-12-31,27.85,28.00,27.75,27.93,3715700,27.93
2016-01-01,27.93,27.93,27.93,27.93,000,27.93
2016-01-04,27.87,27.88,27.44,27.53,4347800,27.53
2016-01-05,27.39,27.40,26.96,27.07,5347600,27.07
2016-01-06,27.14,27.20,26.55,26.71,4515600,26.71
2016-01-07,26.66,26.68,25.64,25.86,8281100,25.86
2016-01-08,25.50,26.06,25.20,25.54,8895600,25.54
2016-01-11,25.40,25.40,25.01,25.15,8111900,25.15
2016-01-12,25.25,25.56,24.95,25.05,9608600,25.05
2016-01-13,25.30,25.56,25.22,25.45,7000600,25.45
2016-01-14,25.00,25.20,24.84,25.05,5455600,25.05
2016-01-15,25.45,25.60,24.70,24.91,7664800,24.91
2016-01-18,24.30,24.64,24.16,24.41,7253800,24.41
2016-01-19,24.35,24.68,24.29,24.59,5248800,24.59
2016-01-20,24.56,24.64,23.44,23.50,13573400,23.50
2016-01-21,23.95,23.95,23.08,23.11,13161000,23.11
2016-01-22,23.45,23.49,23.16,23.35,7925300,23.35
2016-01-25,23.75,24.17,23.63,24.15,6220200,24.15
2016-01-26,24.15,24.15,24.15,24.15,000,24.15
2016-01-27,24.25,24.28,23.65,23.68,8249400,23.68
2016-01-28,23.76,24.10,23.71,24.04,7741200,24.04
2016-01-29,24.28,24.29,23.78,24.18,11685400,24.18
2016-02-01,24.48,24.79,24.37,24.59,7254300,24.59
2016-02-02,24.65,24.78,24.31,24.40,6378400,24.40
2016-02-03,24.04,24.10,23.53,23.67,8189100,23.67
2016-02-04,24.00,24.40,23.69,24.30,6068200,24.30
2016-02-05,24.20,24.20,23.75,24.09,6227300,24.09
2016-02-08,23.75,23.83,23.56,23.73,6979600,23.73
2016-02-09,23.50,23.53,22.65,22.79,11671100,22.79
2016-02-10,23.16,23.29,21.86,22.42,13343200,22.42
2016-02-11,22.63,22.77,22.41,22.71,5772600,22.71
2016-02-12,22.46,22.77,22.12,22.18,10406000,22.18
2016-02-15,22.85,22.98,22.42,22.84,10574600,22.84
2016-02-16,23.15,23.27,22.58,23.27,8543100,23.27
2016-02-17,23.40,23.67,22.88,23.14,10994500,23.14
2016-02-18,23.51,23.86,23.22,23.75,9003800,23.75
2016-02-19,23.55,23.60,23.21,23.40,4707900,23.40
2016-02-22,23.26,23.45,23.215,23.32,5920000,23.32
2016-02-23,23.50,23.59,23.08,23.12,5563500,23.12
2016-02-24,22.90,22.95,22.225,22.32,8711200,22.32
2016-02-25,22.45,22.68,21.87,22.55,11596800,22.55
2016-02-26,22.75,22.84,22.30,22.56,8619500,22.56
2016-02-29,22.74,22.88,22.31,22.40,9679000,22.40
2016-03-01,22.42,23.11,22.36,23.07,9487200,23.07
2016-03-02,23.70,24.45,23.64,24.10,12524700,24.10
2016-03-03,24.35,24.90,24.22,24.80,9382700,24.80
2016-03-04,25.00,25.33,24.82,25.02,11426300,25.02
2016-03-07,25.21,25.58,25.07,25.48,6609200,25.48
2016-03-08,25.59,25.70,24.84,24.98,8027800,24.98
2016-03-09,24.98,25.54,24.82,25.48,7352100,25.48
2016-03-10,25.72,25.86,25.46,25.49,4841200,25.49
2016-03-11,25.48,25.56,24.99,25.42,5685400,25.42
2016-03-14,25.70,26.165,25.67,25.75,5973500,25.75
2016-03-15,25.75,25.84,25.32,25.39,5510000,25.39
2016-03-16,25.42,25.59,25.30,25.59,4187100,25.59
2016-03-17,26.00,26.09,25.62,25.86,8213500,25.86
2016-03-18,26.10,26.35,25.89,26.05,9093000,26.05
2016-03-21,26.20,26.20,25.67,25.87,3612400,25.87
2016-03-22,25.83,25.87,25.37,25.44,7766300,25.44
2016-03-23,25.40,25.56,25.21,25.34,7339600,25.34
2016-03-24,24.40,24.46,23.81,24.02,21437500,24.02
2016-03-25,24.02,24.02,24.02,24.02,000,24.02
2016-03-28,24.02,24.02,24.02,24.02,000,24.02
2016-03-29,23.80,23.86,23.13,23.20,12242200,23.20
2016-03-30,23.39,23.60,22.87,23.11,10745600,23.11
2016-03-31,23.30,23.59,23.01,23.46,9261600,23.46
2016-04-01,23.14,23.21,22.75,22.81,9672200,22.81
2016-04-04,23.00,23.20,22.74,22.81,5144700,22.81
2016-04-05,22.75,22.80,22.30,22.47,7082000,22.47
2016-04-06,22.40,22.77,22.345,22.55,7582900,22.55
2016-04-07,22.70,22.76,22.54,22.62,4969700,22.62
2016-04-08,22.35,22.50,22.06,22.28,6465600,22.28
2016-04-11,22.35,22.46,22.11,22.25,5543100,22.25
2016-04-12,22.20,22.92,22.15,22.84,5241000,22.84
2016-04-13,23.13,23.34,22.935,23.34,6174600,23.34
2016-04-14,23.62,23.96,23.555,23.77,8399200,23.77
2016-04-15,23.77,23.95,23.50,23.85,7846200,23.85


2016-04-18,23.60,23.835,23.43,23.70,4719900,23.70
2016-04-19,23.98,24.34,23.86,24.06,9246200,24.06
2016-04-20,24.20,24.30,23.66,23.90,5660700,23.90
2016-04-21,24.26,24.40,24.14,24.30,7385000,24.30
2016-04-22,24.10,24.49,24.01,24.35,5707100,24.35


2016-04-25,24.35,24.35,24.35,24.35,000,24.35
2016-04-26,24.35,24.48,24.01,24.25,7189500,24.25
2016-04-27,24.47,24.75,23.76,23.88,9960300,23.88
2016-04-28,24.05,24.23,23.85,24.02,6376100,24.02
2016-04-29,24.05,24.35,24.05,24.27,8655500,24.27


2016-05-02,24.02,24.14,23.32,23.73,8335600,23.73
2016-05-03,22.80,25.11,22.78,25.05,20392800,25.05
2016-05-04,24.70,25.24,24.64,24.90,10658500,23.7571
2016-05-05,25.10,25.45,24.93,25.34,13998500,24.1971
2016-05-06,25.32,25.345,24.77,25.14,12334200,23.9971


2016-05-09,24.22,24.46,24.02,24.38,11376600,24.38
2016-05-10,24.31,24.775,24.13,24.70,9406500,24.70
2016-05-11,24.90,25.06,24.27,24.43,8816000,24.43
2016-05-12,24.38,24.43,24.12,24.30,9432400,24.30
2016-05-13,24.45,24.45,23.92,24.11,6655700,24.11


2016-05-16,24.00,24.385,24.00,24.31,5585500,24.31
2016-05-17,24.51,24.65,24.43,24.51,5282900,24.51
2016-05-18,24.48,24.83,24.38,24.70,7827400,24.70
2016-05-19,25.00,25.08,24.72,24.91,9383200,24.91
2016-05-20,24.70,25.16,24.69,25.09,6128500,25.09


2016-05-23,25.20,25.23,24.71,24.95,6196600,24.95
2016-05-24,24.94,25.02,24.775,24.78,6524600,24.78
2016-05-25,25.10,25.47,25.05,25.28,7956900,25.28
2016-05-26,25.39,25.64,25.21,25.54,7638900,25.54
2016-05-27,25.60,25.99,25.55,25.85,12227900,25.85


2016-05-30,25.85,25.93,25.64,25.69,5557900,25.69
2016-05-31,25.70,25.71,25.41,25.48,6141900,25.48
2016-06-01,25.12,25.33,24.915,25.20,7414200,25.20
2016-06-02,25.33,25.33,24.72,24.76,7310500,24.76
2016-06-03,25.10,25.25,24.825,25.09,8762600,25.09


2016-06-06,24.99,25.12,24.85,24.96,7951300,24.96
2016-06-07,25.08,25.19,24.76,24.86,7039200,24.86
2016-06-08,24.63,24.795,24.43,24.73,6525200,24.73
2016-06-09,24.76,24.79,24.37,24.50,7008900,24.50
2016-06-10,24.22,24.39,24.11,24.29,5766000,24.29


2016-06-13,24.29,24.29,24.29,24.29,000,24.29
2016-06-14,23.71,23.85,23.57,23.65,7733000,23.65
