Date,Open,High,Low,Close,Volume,Adj Close
2015-01-01,36.74,36.74,36.74,36.74,000,33.22308
2015-01-02,36.98,36.98,36.48,36.77,173900,33.2502
2015-01-05,36.75,36.99,36.68,36.96,280300,33.42201
2015-01-06,36.61,36.75,36.19,36.41,435100,32.92466
2015-01-07,36.29,36.54,36.20,36.45,421800,32.96084
2015-01-08,36.85,36.96,36.59,36.70,309900,33.1869
2015-01-09,36.90,37.23,36.85,37.17,374800,33.61191
2015-01-12,37.00,37.25,36.89,36.95,218400,33.41297
2015-01-13,36.90,36.93,36.46,36.66,232200,33.15073
2015-01-14,36.64,36.93,36.40,36.57,342300,33.06935
2015-01-15,36.50,36.53,36.16,36.30,521500,32.82519
2015-01-16,36.30,36.75,36.14,36.34,388700,32.86136
2015-01-19,36.60,36.89,36.48,36.64,444100,33.13265
2015-01-20,36.35,36.76,36.05,36.63,384400,33.12361
2015-01-21,36.87,37.25,36.73,37.13,577000,33.57574
2015-01-22,37.13,37.13,36.90,36.99,548800,33.44914
2015-01-23,37.21,37.69,37.17,37.66,638000,34.05501
2015-01-26,37.66,37.66,37.66,37.66,000,34.05501
2015-01-27,37.80,38.085,37.77,38.01,551200,34.3715
2015-01-28,37.95,38.16,37.73,38.10,353400,34.45289
2015-01-29,37.75,38.19,37.75,38.09,598600,34.44385
2015-01-30,38.19,38.55,37.98,38.14,1019000,34.48906
2015-02-02,38.01,38.75,38.00,38.63,588900,34.93216
2015-02-03,38.75,39.05,38.65,38.95,488700,35.22152
2015-02-04,39.50,39.67,39.20,39.46,602300,35.6827
2015-02-05,39.45,39.75,39.29,39.62,505900,35.82739
2015-02-06,39.68,40.05,39.54,39.71,586700,35.90877
2015-02-09,39.67,40.01,39.59,39.91,310100,36.08963
2015-02-10,39.96,40.09,39.62,39.83,444300,36.01729
2015-02-11,40.18,40.66,39.99,40.14,456200,36.29761
2015-02-12,40.50,40.67,39.50,39.65,760000,35.85452
2015-02-13,39.95,40.73,39.68,40.48,807100,36.60506
2015-02-16,40.65,41.25,40.62,41.22,441100,37.27423
2015-02-17,41.22,41.60,40.95,41.07,458900,37.13859
2015-02-18,41.60,42.12,41.46,42.12,899400,38.08807
2015-02-19,42.27,42.70,42.18,42.45,599200,38.38649
2015-02-20,42.50,42.75,41.78,41.99,500600,37.97052
2015-02-23,42.18,43.18,42.01,43.18,616800,39.04661
2015-02-24,43.19,43.495,42.66,43.32,545400,39.17321
2015-02-25,43.48,43.92,43.09,43.74,571500,39.553
2015-02-26,43.49,43.77,43.285,43.74,531400,39.553
2015-02-27,43.85,44.36,43.49,44.14,1256400,39.91471
2015-03-02,43.78,44.77,43.78,44.52,658900,40.25834
2015-03-03,44.77,45.37,43.73,44.11,578100,39.88758
2015-03-04,43.00,43.56,42.78,42.79,1765900,39.88625
2015-03-05,42.60,42.81,41.29,41.80,928100,38.96343
2015-03-06,41.69,42.40,41.54,42.35,753200,39.47611
2015-03-09,42.29,42.57,42.00,42.50,543900,39.61593
2015-03-10,42.43,42.73,42.135,42.27,627500,39.40154
2015-03-11,41.80,42.51,41.71,42.26,552700,39.39221
2015-03-12,42.21,42.90,42.03,42.85,530600,39.94218
2015-03-13,42.85,43.00,42.17,42.66,357500,39.76507
2015-03-16,42.76,43.06,42.26,42.83,338700,39.92354
2015-03-17,43.20,43.25,42.68,42.84,533500,39.93286
2015-03-18,43.13,43.30,42.54,42.79,644500,39.88625
2015-03-19,42.91,43.25,42.64,42.72,799900,39.821
2015-03-20,42.54,43.30,42.52,43.27,506300,40.33368
2015-03-23,43.27,43.30,42.73,42.89,315700,39.97946
2015-03-24,42.75,43.04,42.55,42.90,433800,39.98879
2015-03-25,42.91,43.10,42.67,42.75,432200,39.84896
2015-03-26,42.50,42.54,42.02,42.07,374900,39.21511
2015-03-27,41.81,41.87,41.285,41.71,1302700,38.87954
2015-03-30,41.49,41.78,41.16,41.39,627300,38.58125
2015-03-31,41.50,41.91,41.36,41.41,726900,38.5999
2015-04-01,41.14,41.745,41.10,41.50,636400,38.68379
2015-04-02,41.37,41.72,41.22,41.23,717300,38.43211
2015-04-03,41.23,41.23,41.23,41.23,000,38.43211
2015-04-06,41.23,41.23,41.23,41.23,000,38.43211
2015-04-07,41.47,42.09,41.38,41.54,600700,38.72108
2015-04-08,41.51,41.75,41.30,41.61,419400,38.78633
2015-04-09,41.99,42.61,41.99,42.46,528000,39.57864
2015-04-10,42.62,42.82,42.42,42.67,340200,39.77439
2015-04-13,42.75,43.24,42.74,43.16,378100,40.23114
2015-04-14,42.78,43.46,42.78,43.10,359000,40.17521
2015-04-15,43.70,43.87,43.21,43.79,747800,40.81839
2015-04-16,43.99,43.99,42.64,43.00,727100,40.082
2015-04-17,42.80,43.06,42.35,42.38,457300,39.50407
2015-04-20,42.09,42.38,41.61,42.07,538200,39.21511
2015-04-21,42.09,42.22,41.77,42.00,1022800,39.14986
2015-04-22,42.00,42.54,41.99,42.14,568200,39.28036
2015-04-23,42.20,42.22,41.54,42.03,655600,39.17782
2015-04-24,42.35,42.85,42.31,42.85,547500,39.94218
2015-04-27,42.94,43.16,42.10,43.01,639400,40.09132
2015-04-28,43.00,43.25,42.70,42.96,568800,40.04471
2015-04-29,43.03,43.10,42.11,42.11,533400,39.2524
2015-04-30,42.00,42.20,41.61,42.15,587900,39.28968
2015-05-01,42.20,42.28,41.97,42.10,468500,39.24307
2015-05-04,42.29,42.70,42.14,42.57,388300,39.68118
2015-05-05,42.90,43.41,42.63,43.08,549200,40.15657
2015-05-06,42.50,42.53,41.855,42.00,826700,39.14986
2015-05-07,41.50,41.73,40.85,41.61,759600,38.78633
2015-05-08,42.00,42.42,41.91,42.09,490600,39.23375
2015-05-11,42.10,42.35,41.06,41.21,770800,38.41347
2015-05-12,41.28,41.92,41.15,41.81,608500,38.97275
2015-05-13,41.67,42.09,41.515,42.04,519000,39.18715
2015-05-14,42.04,42.19,41.635,42.13,483800,39.27104
2015-05-15,42.44,42.83,42.36,42.65,398900,39.75575
2015-05-18,42.61,42.71,42.16,42.16,423400,39.299
2015-05-19,42.16,42.27,41.34,41.39,644100,38.58125
2015-05-20,41.56,41.99,41.18,41.46,572500,38.6465
2015-05-21,41.46,41.71,41.24,41.40,646300,38.59058
2015-05-22,41.57,41.63,41.45,41.54,390500,38.72108
2015-05-25,41.53,42.18,41.45,41.97,371300,39.1219
2015-05-26,42.10,42.28,41.71,41.96,461500,39.11257
2015-05-27,41.77,41.86,41.15,41.43,433200,38.61854
2015-05-28,41.50,41.68,41.035,41.43,330500,38.61854
2015-05-29,41.60,42.02,41.58,41.63,1274400,38.80497
2015-06-01,41.30,41.50,40.76,41.45,437700,38.63718
2015-06-02,41.35,41.67,40.71,40.71,444600,37.9474
2015-06-03,40.52,40.56,40.02,40.28,505500,37.54658
2015-06-04,40.49,41.33,40.48,40.49,755700,37.74233
2015-06-05,40.60,41.20,40.18,40.36,542800,37.62115
2015-06-08,40.36,40.36,40.36,40.36,000,37.62115
2015-06-09,40.37,40.68,40.08,40.08,514900,37.36015
2015-06-10,40.00,40.46,39.88,40.30,542100,37.56522
2015-06-11,40.48,40.78,40.30,40.63,475200,37.87283
2015-06-12,40.56,40.66,40.21,40.33,318600,37.59319
2015-06-15,40.10,40.43,39.98,40.38,314900,37.63979
2015-06-16,40.18,40.38,40.01,40.10,439000,37.37879
2015-06-17,40.40,40.65,40.06,40.30,443500,37.56522
2015-06-18,39.95,40.20,39.50,39.96,1090500,37.24829
2015-06-19,39.51,40.40,39.51,39.90,652600,37.19237
2015-06-22,39.91,40.17,39.73,39.98,314900,37.26694
2015-06-23,40.20,40.60,40.18,40.42,745500,37.67708
2015-06-24,40.60,40.60,40.00,40.20,454200,37.47201
2015-06-25,40.17,40.22,40.00,40.10,969300,37.37879
2015-06-26,40.00,40.10,39.68,40.10,933400,37.37879
2015-06-29,39.58,39.99,39.19,39.67,853700,36.97797
2015-06-30,39.55,39.90,39.31,39.90,797900,37.19237
2015-07-01,39.94,40.74,39.94,40.46,404600,37.71436
2015-07-02,40.31,41.17,40.26,41.16,481600,38.36686
2015-07-03,41.16,41.32,40.62,40.99,415400,38.2084
2015-07-06,40.36,40.53,40.15,40.34,323200,37.60251
2015-07-07,40.70,41.37,40.69,41.33,573200,38.52533
2015-07-08,40.98,41.34,40.58,40.67,557300,37.91011
2015-07-09,40.41,40.97,40.17,40.79,482800,38.02197
2015-07-10,40.86,41.435,40.63,41.13,608900,38.3389
2015-07-13,41.10,41.71,40.43,41.04,264000,38.25501
2015-07-14,41.55,42.18,41.51,42.15,430200,39.28968
2015-07-15,41.99,42.77,41.99,42.54,339700,39.65322
2015-07-16,43.22,43.60,43.00,43.18,506300,40.24978
2015-07-17,43.34,43.44,42.93,43.05,264500,40.12861
2015-07-20,43.21,43.78,43.21,43.70,356000,40.7345
2015-07-21,43.88,43.99,43.45,43.80,386600,40.82771
2015-07-22,43.67,43.98,42.83,43.14,405100,40.2125
2015-07-23,43.00,43.56,42.96,43.21,443200,40.27775
2015-07-24,43.00,43.51,42.82,43.24,295200,40.30571
2015-07-27,42.87,43.43,42.85,43.42,235700,40.4735
2015-07-28,43.13,43.60,42.705,43.02,830000,40.10064
2015-07-29,42.93,43.69,42.88,43.46,467300,40.51078
2015-07-30,43.70,43.94,43.38,43.81,290900,40.83703
2015-07-31,44.14,44.58,44.13,44.45,801700,41.4336
2015-08-03,45.00,45.00,43.67,43.86,438800,40.88364
2015-08-04,43.76,44.26,43.49,44.02,470600,41.03278
2015-08-05,44.04,44.30,43.55,43.72,562900,40.75314
2015-08-06,43.67,43.93,43.24,43.78,406000,40.80907
2015-08-07,43.50,43.50,43.05,43.08,368600,40.15657
2015-08-10,43.01,43.46,42.67,43.38,490100,40.43621
2015-08-11,43.62,43.75,42.89,43.25,467900,40.31503
2015-08-12,43.23,43.37,42.04,42.21,567500,39.34561
2015-08-13,42.00,42.45,42.00,42.10,713800,39.24307
2015-08-14,41.90,42.50,41.90,42.10,465400,39.24307
2015-08-17,42.15,42.80,42.15,42.35,344000,39.47611
2015-08-18,42.21,42.83,42.06,42.07,522700,39.21511
2015-08-19,42.10,42.715,42.05,42.15,495300,39.28968
2015-08-20,41.80,42.58,41.70,42.35,769900,39.47611
2015-08-21,41.81,41.84,40.56,40.87,1322600,38.09654
2015-08-24,39.50,39.61,38.61,38.62,1056700,35.99923
2015-08-25,38.07,40.08,37.83,39.43,1476400,36.75426
2015-08-26,38.75,39.80,38.64,39.67,1170500,36.97797
2015-08-27,40.01,40.45,39.94,40.00,742800,37.28558
2015-08-28,40.18,40.60,39.60,39.85,1096600,37.14576
2015-08-31,39.55,39.84,39.10,39.44,671500,36.76358
2015-09-01,39.50,39.97,38.18,38.18,968300,35.58909
2015-09-02,37.19,37.70,36.76,37.20,1066100,35.95499
2015-09-03,37.64,38.10,36.69,36.69,755000,35.46206
2015-09-04,37.01,37.37,36.66,37.07,682900,35.82934
2015-09-07,37.00,37.50,36.94,37.31,890000,36.06131
2015-09-08,37.65,38.24,37.21,38.24,753800,36.96018
2015-09-09,38.45,39.29,38.45,39.11,1122500,37.80106
2015-09-10,38.84,38.84,38.22,38.28,604800,36.99884
2015-09-11,38.20,38.49,37.81,38.10,335400,36.82487
2015-09-14,38.46,38.74,38.17,38.45,550100,37.16315
2015-09-15,38.56,38.88,37.68,37.73,466700,36.46725
2015-09-16,37.80,38.15,37.69,38.00,457300,36.72821
2015-09-17,39.21,39.24,38.46,38.54,800600,37.25014
2015-09-18,38.79,39.01,37.90,38.72,640600,37.42412
2015-09-21,38.24,38.42,37.58,37.91,538500,36.64123
2015-09-22,38.36,38.70,38.18,38.52,401800,37.23081
2015-09-23,38.01,38.43,37.83,37.98,556700,36.70888
2015-09-24,37.98,39.21,37.98,39.20,669800,37.88805
2015-09-25,39.22,39.23,38.01,38.05,1069600,36.77654
2015-09-28,38.05,38.63,37.89,38.57,560600,37.27914
2015-09-29,37.92,37.995,37.07,37.08,610300,35.83901
2015-09-30,37.27,37.88,37.08,37.88,707300,36.61223
2015-10-01,38.16,38.80,38.12,38.75,384000,37.45311
2015-10-02,38.50,38.93,38.17,38.58,414000,37.2888
2015-10-05,39.00,39.15,38.63,38.99,408400,37.68508
2015-10-06,39.20,39.30,38.91,39.03,367600,37.72374
2015-10-07,39.30,39.70,38.54,39.00,468000,37.69475
2015-10-08,38.91,39.31,38.83,38.97,394000,37.66575
2015-10-09,39.26,39.39,39.07,39.25,557800,37.93638
2015-10-12,39.32,39.38,38.93,39.01,392600,37.70441
2015-10-13,38.90,39.20,38.57,38.94,406400,37.63675
2015-10-14,38.60,39.23,38.55,39.18,427800,37.86872
2015-10-15,39.38,39.65,39.16,39.65,361100,38.32299
2015-10-16,40.00,40.53,39.76,40.32,443500,38.97057
2015-10-19,40.15,40.35,39.59,40.02,592100,38.68061
2015-10-20,39.59,40.14,39.59,40.03,309500,38.69027
2015-10-21,39.66,40.28,39.63,40.15,231400,38.80626
2015-10-22,39.90,40.17,39.69,40.16,299600,38.81592
2015-10-23,40.53,41.20,40.30,41.11,549000,39.73413
2015-10-26,41.93,41.95,41.18,41.26,520500,39.87911
2015-10-27,41.37,41.45,40.97,41.21,408500,39.83078
2015-10-28,41.36,41.49,40.98,41.14,322600,39.76312
2015-10-29,41.46,41.87,40.95,41.00,299600,39.62781
2015-10-30,40.90,41.42,40.52,41.22,976500,39.84045
2015-11-02,41.40,41.40,40.72,40.73,342200,39.36685
2015-11-03,41.16,41.51,41.04,41.51,275500,40.12074
2015-11-04,41.60,42.13,41.225,41.45,447800,40.06275
2015-11-05,41.30,41.43,40.44,40.67,509100,39.30885
2015-11-06,40.67,41.28,40.55,41.03,439600,39.6568
2015-11-09,40.72,41.25,40.44,40.63,433600,39.27019
2015-11-10,40.45,40.61,40.09,40.53,475900,39.17354
2015-11-11,40.53,41.02,40.09,40.80,345400,39.4345
2015-11-12,40.50,40.77,40.44,40.60,222000,39.24119
2015-11-13,40.10,40.33,39.60,39.93,515700,38.59362
2015-11-16,39.34,39.76,39.25,39.53,286400,38.20701
2015-11-17,39.82,40.72,39.80,40.72,589200,39.35718
2015-11-18,40.50,40.79,40.20,40.63,444100,39.27019
2015-11-19,40.96,41.58,40.70,41.53,542200,40.14007
2015-11-20,41.60,42.11,41.40,41.79,463400,40.39137
2015-11-23,41.79,42.39,41.79,42.30,280800,40.8843
2015-11-24,41.95,42.25,41.81,41.85,310400,40.44936
2015-11-25,41.88,41.88,41.21,41.21,426400,39.83078
2015-11-26,41.24,41.87,41.24,41.50,403100,40.11108
2015-11-27,41.94,42.00,41.31,41.45,335500,40.06275
2015-11-30,41.40,41.75,41.27,41.39,727400,40.00476
2015-12-01,41.32,42.49,41.20,42.49,530900,41.06794
2015-12-02,42.33,42.47,41.86,42.37,385100,40.95196
2015-12-03,41.87,42.18,41.40,42.13,344400,40.71999
2015-12-04,41.29,41.32,40.51,40.76,837300,39.39584
2015-12-07,41.44,41.60,40.355,40.80,611600,39.4345
2015-12-08,40.30,41.25,40.22,41.04,441400,39.66647
2015-12-09,40.95,41.18,40.70,40.95,483100,39.57948
2015-12-10,40.80,40.91,40.01,40.38,844200,39.02856
2015-12-11,40.45,40.73,40.09,40.20,664900,38.85458
2015-12-14,39.85,39.91,39.31,39.50,453200,38.17801
2015-12-15,39.50,40.00,39.28,39.29,388300,37.97504
2015-12-16,39.64,39.99,39.36,39.99,488400,38.65161
2015-12-17,40.20,40.75,40.19,40.46,795600,39.10588
2015-12-18,39.94,40.76,39.78,40.64,573400,39.27986
2015-12-21,40.20,40.99,40.15,40.38,320900,39.02856
2015-12-22,40.91,40.99,40.22,40.40,614400,39.04789
2015-12-23,40.58,40.91,40.36,40.65,243500,39.28952
2015-12-24,41.00,41.10,40.63,40.96,168200,39.58915
2015-12-25,40.96,40.96,40.96,40.96,000,39.58915
2015-12-28,40.96,40.96,40.96,40.96,000,39.58915
2015-12-29,40.97,41.96,40.675,41.96,334400,40.55568
2015-12-30,42.40,42.615,42.18,42.33,256400,40.9133
2015-12-31,42.50,42.74,42.31,42.46,202700,41.03894
2016-01-01,42.46,42.46,42.46,42.46,000,41.03894
2016-01-04,42.66,43.61,42.46,42.69,497200,41.26125
2016-01-05,42.30,42.31,41.67,42.00,455000,40.59434
2016-01-06,41.98,41.98,40.54,41.03,501000,39.6568
2016-01-07,40.50,40.86,39.21,39.56,912100,38.236
2016-01-08,38.83,39.52,38.52,39.52,946700,38.19734
2016-01-11,39.20,39.24,38.64,39.06,521500,37.75274
2016-01-12,39.10,39.47,38.68,38.85,500600,37.54976
2016-01-13,39.40,39.67,39.01,39.57,438400,38.24567
2016-01-14,38.73,39.03,38.51,38.82,341000,37.52077
2016-01-15,39.50,39.50,38.27,38.53,352300,37.24047
2016-01-18,38.05,38.37,37.40,38.26,337500,36.97951
2016-01-19,38.12,38.71,38.07,38.71,331900,37.41445
2016-01-20,38.75,39.355,38.62,38.80,514500,37.50144
2016-01-21,40.00,40.00,39.09,39.15,1170600,37.83973
2016-01-22,39.71,39.96,39.35,39.65,621200,38.32299
2016-01-25,40.00,40.75,39.96,40.70,473400,39.33785
2016-01-26,40.70,40.70,40.70,40.70,000,39.33785
2016-01-27,41.00,41.00,40.37,40.84,476700,39.47316
2016-01-28,41.00,42.28,40.58,41.58,848400,40.1884
2016-01-29,42.42,42.71,41.93,42.35,1261900,40.93263
2016-02-01,42.71,43.25,42.34,42.47,711700,41.04861
2016-02-02,42.04,42.20,40.96,41.10,805400,39.72446
2016-02-03,40.56,41.23,40.30,40.43,630200,39.07689
2016-02-04,40.65,40.89,40.14,40.31,530900,38.9609
2016-02-05,40.16,40.31,39.65,40.10,535100,38.75793
2016-02-08,40.03,40.53,39.88,40.13,328600,38.78693
2016-02-09,39.80,40.20,39.20,39.26,554100,37.94604
2016-02-10,39.47,39.48,38.40,38.81,726800,37.51111
2016-02-11,39.50,39.71,39.03,39.53,395800,38.20701
2016-02-12,39.15,40.51,39.11,40.32,784600,38.97057
2016-02-15,41.72,41.72,39.32,40.14,1255500,38.79659
2016-02-16,40.44,41.00,39.59,41.00,787200,39.62781
2016-02-17,41.10,41.47,40.64,40.91,464700,39.54082
2016-02-18,41.50,41.90,41.23,41.82,454500,40.42037
2016-02-19,41.83,41.93,41.53,41.75,337100,40.35271
2016-02-22,41.56,42.30,41.28,42.18,475100,40.76832
2016-02-23,42.32,42.35,41.60,41.88,470100,40.47836
2016-02-24,41.73,42.14,40.98,41.23,578500,39.85011
2016-02-25,41.71,41.89,41.25,41.69,435400,40.29471
2016-02-26,41.75,41.91,41.10,41.91,495000,40.50735
2016-02-29,41.96,42.54,41.70,42.03,535300,40.62334
2016-03-01,41.82,42.55,41.70,42.30,932000,40.8843
2016-03-02,41.95,42.07,41.50,41.98,841400,41.98
2016-03-03,41.81,42.48,41.65,42.48,687800,42.48
2016-03-04,42.55,42.68,42.26,42.61,541000,42.61
2016-03-07,42.75,43.29,42.735,43.23,604200,43.23
2016-03-08,43.23,43.25,42.32,42.46,465300,42.46
2016-03-09,42.36,42.92,42.26,42.91,448300,42.91
2016-03-10,42.99,42.99,42.61,42.72,443000,42.72
2016-03-11,42.70,42.80,42.05,42.42,516100,42.42
2016-03-14,42.56,42.61,41.79,41.87,633500,41.87
2016-03-15,41.62,41.81,41.13,41.31,503200,41.31
2016-03-16,41.14,41.41,40.82,41.03,777200,41.03
2016-03-17,40.80,41.15,40.80,40.91,1010600,40.91
2016-03-18,41.20,41.49,41.06,41.30,669200,41.30
2016-03-21,41.30,41.44,40.93,41.13,401200,41.13
2016-03-22,41.00,41.14,40.67,41.04,298200,41.04
2016-03-23,41.09,41.30,40.80,41.27,469900,41.27
2016-03-24,40.95,41.44,40.85,41.20,658100,41.20
2016-03-25,41.20,41.20,41.20,41.20,000,41.20
2016-03-28,41.20,41.20,41.20,41.20,000,41.20
2016-03-29,41.20,41.37,40.65,40.75,462800,40.75
2016-03-30,40.93,41.54,40.67,41.25,576400,41.25
2016-03-31,41.45,41.54,40.90,41.43,729800,41.43
2016-04-01,41.20,41.21,40.65,40.87,651200,40.87
2016-04-04,40.93,41.45,40.87,41.30,329500,41.30
2016-04-05,41.29,41.78,41.01,41.40,562700,41.40
2016-04-06,41.43,41.74,40.91,41.50,527600,41.50
2016-04-07,41.55,41.78,41.06,41.74,337000,41.74
2016-04-08,41.31,41.52,41.05,41.49,340100,41.49
2016-04-11,41.49,41.51,40.90,41.25,319100,41.25
2016-04-12,41.20,41.51,41.05,41.46,282800,41.46
2016-04-13,41.61,41.75,41.42,41.59,607400,41.59
2016-04-14,41.88,42.78,41.69,42.70,599000,42.70
2016-04-15,42.52,43.48,42.295,43.47,709100,43.47


2016-04-18,43.47,43.69,43.38,43.49,565500,43.49
2016-04-19,43.85,43.85,43.08,43.31,671400,43.31
2016-04-20,43.56,43.67,43.16,43.59,376300,43.59
2016-04-21,44.02,44.15,43.70,43.98,535600,43.98
2016-04-22,43.89,44.29,43.58,44.10,568700,44.10


2016-04-25,44.10,44.10,44.10,44.10,000,44.10
2016-04-26,43.94,44.20,43.33,43.51,576500,43.51
2016-04-27,43.72,43.87,43.50,43.55,648000,43.55
2016-04-28,43.80,43.95,43.45,43.57,596400,43.57
2016-04-29,43.52,43.80,43.34,43.73,532500,43.73


2016-05-02,43.53,44.02,43.39,44.00,370500,44.00
2016-05-03,44.10,44.58,43.69,44.50,512200,44.50
2016-05-04,44.40,44.69,43.86,43.90,419300,43.90
2016-05-05,43.80,43.94,43.31,43.60,582800,43.60
2016-05-06,43.89,44.91,43.01,44.91,1025500,44.91


2016-05-09,44.77,44.83,44.14,44.65,377100,44.65
2016-05-10,44.64,44.99,44.35,44.74,541400,44.74
2016-05-11,44.74,45.56,44.30,44.90,462800,44.90
2016-05-12,44.90,45.25,44.115,44.32,539100,44.32
2016-05-13,45.00,45.00,44.025,44.11,541400,44.11


2016-05-16,44.11,44.46,43.93,44.05,452600,44.05
2016-05-17,44.45,44.49,43.98,44.03,436600,44.03
2016-05-18,44.25,44.32,43.77,44.03,538500,44.03
2016-05-19,44.39,44.44,44.03,44.13,386900,44.13
2016-05-20,44.26,44.27,43.82,44.05,251200,44.05


2016-05-23,44.20,44.29,43.75,43.83,324900,43.83
2016-05-24,44.00,44.16,43.50,43.50,482200,43.50
2016-05-25,43.97,44.44,43.86,44.14,423900,44.14
2016-05-26,44.40,44.40,43.65,43.96,429400,43.96
2016-05-27,44.24,44.87,44.21,44.45,476200,44.45


2016-05-30,44.47,45.00,44.26,44.52,216900,44.52
2016-05-31,44.66,44.67,44.02,44.51,717800,44.51
2016-06-01,44.69,44.69,44.01,44.21,339200,44.21
2016-06-02,44.55,44.83,44.25,44.74,553500,44.74
2016-06-03,45.00,46.31,44.94,45.82,741600,45.82


2016-06-06,45.94,45.94,45.14,45.52,522500,45.52
2016-06-07,45.99,45.99,45.37,45.56,443300,45.56
2016-06-08,45.48,45.57,45.17,45.39,464600,45.39
2016-06-09,45.28,45.48,44.84,45.16,330800,45.16
2016-06-10,45.06,45.06,44.615,44.82,287500,44.82


2016-06-13,44.82,44.82,44.82,44.82,000,44.82
2016-06-14,44.50,44.64,44.04,44.30,599400,44.30
