Date,Open,High,Low,Close,Volume,Adj Close
2015-01-01,12.81,12.81,12.81,12.81,000,11.19202
2015-01-02,12.87,12.87,12.71,12.82,303900,11.20076
2015-01-05,12.75,12.89,12.75,12.86,516300,11.2357
2015-01-06,12.75,12.78,12.65,12.75,1162100,11.1396
2015-01-07,12.72,12.85,12.60,12.78,1337200,11.16581
2015-01-08,12.88,12.92,12.76,12.80,641000,11.18328
2015-01-09,12.89,12.98,12.82,12.94,597200,11.3056
2015-01-12,12.86,12.95,12.86,12.90,731200,11.27065
2015-01-13,12.85,12.87,12.75,12.83,745400,11.20949
2015-01-14,12.85,12.87,12.75,12.80,703600,11.18328
2015-01-15,12.70,12.78,12.565,12.73,1254500,11.12212
2015-01-16,12.63,12.69,12.52,12.62,772500,11.02602
2015-01-19,12.72,12.79,12.54,12.55,874900,10.96486
2015-01-20,12.54,12.83,12.53,12.79,1180100,11.17455
2015-01-21,12.84,12.91,12.79,12.90,799600,11.27065
2015-01-22,12.91,12.97,12.87,12.95,1164300,11.31434
2015-01-23,12.97,13.14,12.97,13.14,2026200,11.48034
2015-01-26,13.14,13.14,13.14,13.14,000,11.48034
2015-01-27,13.18,13.31,13.12,13.24,1538600,11.56771
2015-01-28,13.12,13.40,13.11,13.38,1226400,11.69003
2015-01-29,13.10,13.53,13.10,13.53,1547000,11.82108
2015-01-30,13.55,13.61,13.38,13.38,1777200,11.69003
2015-02-02,13.35,13.58,13.31,13.53,979700,11.82108
2015-02-03,13.59,13.63,13.44,13.57,1729700,11.85603
2015-02-04,13.70,13.80,13.61,13.70,1588400,11.96961
2015-02-05,13.60,13.85,13.60,13.79,1216500,12.04824
2015-02-06,13.85,13.94,13.82,13.90,1080300,12.14435
2015-02-09,13.85,13.96,13.85,13.96,445800,12.19677
2015-02-10,13.98,13.98,13.90,13.97,591500,12.20551
2015-02-11,13.95,14.22,13.95,14.04,984700,12.26666
2015-02-12,14.09,14.14,14.01,14.04,1103800,12.26666
2015-02-13,14.14,14.41,14.03,14.38,1245500,12.56372
2015-02-16,14.45,14.45,13.65,13.74,3222700,12.00456
2015-02-17,13.77,13.79,13.27,13.50,4148800,11.79487
2015-02-18,13.51,13.55,13.265,13.45,2548300,11.75118
2015-02-19,13.47,13.61,13.39,13.41,1653200,11.71624
2015-02-20,13.43,13.54,13.30,13.33,1996600,11.64634
2015-02-23,13.35,13.53,13.27,13.43,1993100,11.73371
2015-02-24,12.99,13.06,12.90,12.97,2288800,11.74406
2015-02-25,13.00,13.04,12.88,12.94,1862100,11.71689
2015-02-26,12.92,12.95,12.85,12.90,1117200,11.68067
2015-02-27,12.88,12.89,12.70,12.82,1691400,11.60824
2015-03-02,12.81,12.95,12.80,12.86,1221700,11.64446
2015-03-03,12.86,12.98,12.74,12.88,1639700,11.66257
2015-03-04,12.89,12.89,12.70,12.72,1510500,11.51769
2015-03-05,12.70,12.76,12.57,12.63,1614900,11.4362
2015-03-06,12.65,12.76,12.62,12.66,1735800,11.46336
2015-03-09,12.61,12.68,12.53,12.59,1118700,11.39998
2015-03-10,12.57,12.70,12.53,12.55,1212900,11.36376
2015-03-11,12.51,12.525,12.36,12.42,1422500,11.24604
2015-03-12,12.41,12.62,12.41,12.55,1431900,11.36376
2015-03-13,12.62,12.65,12.45,12.49,1104500,11.30943
2015-03-16,12.48,12.67,12.45,12.65,1277800,11.4543
2015-03-17,12.68,12.80,12.66,12.75,1377200,11.54485
2015-03-18,12.75,12.76,12.61,12.70,1562300,11.49958
2015-03-19,12.79,12.99,12.76,12.90,2348200,11.68067
2015-03-20,12.91,13.01,12.91,13.01,2992300,11.78028
2015-03-23,13.02,13.08,12.90,12.90,1373300,11.68067
2015-03-24,12.90,13.04,12.89,13.00,1172200,11.77122
2015-03-25,13.07,13.07,12.95,12.95,1573600,11.72595
2015-03-26,12.92,12.95,12.80,12.80,1645600,11.59013
2015-03-27,12.75,12.89,12.75,12.79,1130300,11.58107
2015-03-30,12.75,12.76,12.52,12.57,1481500,11.38187
2015-03-31,12.66,12.68,12.52,12.55,1708800,11.36376
2015-04-01,12.52,12.53,12.21,12.34,2302400,11.17361
2015-04-02,12.32,12.48,12.32,12.43,1265100,11.2551
2015-04-03,12.43,12.43,12.43,12.43,000,11.2551
2015-04-06,12.43,12.43,12.43,12.43,000,11.2551
2015-04-07,12.50,12.54,12.32,12.40,1516300,11.22793
2015-04-08,12.41,12.45,12.28,12.30,1817900,11.13739
2015-04-09,12.35,12.44,12.30,12.40,1176200,11.22793
2015-04-10,12.48,12.62,12.47,12.59,1402500,11.39998
2015-04-13,12.64,12.75,12.59,12.61,795800,11.41809
2015-04-14,12.60,12.63,12.45,12.50,973500,11.31848
2015-04-15,12.52,12.54,12.39,12.41,1057300,11.23699
2015-04-16,12.45,12.56,12.44,12.50,715000,11.31848
2015-04-17,12.50,12.56,12.33,12.35,1160400,11.18266
2015-04-20,12.30,12.435,12.23,12.39,1110100,11.21888
2015-04-21,12.44,12.44,12.27,12.31,949800,11.14644
2015-04-22,12.31,12.35,12.15,12.20,1287300,11.04684
2015-04-23,12.20,12.21,11.975,12.00,1676500,10.86574
2015-04-24,12.02,12.21,12.02,12.10,1280500,10.95629
2015-04-27,12.10,12.17,12.02,12.12,1023800,10.9744
2015-04-28,12.11,12.11,12.03,12.05,1110400,10.91102
2015-04-29,12.06,12.08,11.82,11.90,1501400,10.7752
2015-04-30,11.90,12.09,11.80,12.09,2246000,10.94724
2015-05-01,12.10,12.43,12.07,12.38,2032800,11.20983
2015-05-04,12.44,12.58,12.42,12.51,1707500,11.32754
2015-05-05,12.57,12.75,12.345,12.43,1918400,11.2551
2015-05-06,12.34,12.35,12.13,12.18,1306300,11.02873
2015-05-07,12.16,12.425,11.98,12.07,1452400,10.92913
2015-05-08,12.10,12.28,12.07,12.16,896300,11.01062
2015-05-11,12.29,12.33,11.98,12.12,1500700,10.9744
2015-05-12,12.20,12.37,12.04,12.26,1948000,11.10117
2015-05-13,12.39,12.39,12.19,12.29,1722700,11.12833
2015-05-14,12.30,12.33,12.22,12.33,889500,11.16455
2015-05-15,12.41,12.49,12.39,12.45,1210600,11.27321
2015-05-18,12.45,12.45,12.27,12.29,871500,11.12833
2015-05-19,12.29,12.40,12.07,12.09,1448700,10.94724
2015-05-20,12.16,12.18,12.00,12.04,1265700,10.90196
2015-05-21,12.04,12.10,12.00,12.09,1527100,10.94724
2015-05-22,12.15,12.19,12.04,12.16,834300,11.01062
2015-05-25,12.13,12.31,12.12,12.22,922700,11.06495
2015-05-26,12.21,12.36,12.21,12.30,939100,11.13739
2015-05-27,12.27,12.31,12.18,12.28,851300,11.11928
2015-05-28,12.32,12.33,12.055,12.18,968300,11.02873
2015-05-29,12.22,12.40,12.20,12.29,1677100,11.12833
2015-06-01,12.25,12.28,12.05,12.26,1247200,11.10117
2015-06-02,12.30,12.33,12.05,12.07,1050500,10.92913
2015-06-03,12.07,12.09,11.91,11.96,1528900,10.82952
2015-06-04,12.01,12.03,11.76,11.81,1391700,10.6937
2015-06-05,11.79,11.79,11.53,11.63,1994000,10.53072
2015-06-08,11.63,11.63,11.63,11.63,000,10.53072
2015-06-09,11.65,11.81,11.64,11.75,1537900,10.63937
2015-06-10,11.83,11.865,11.66,11.85,1517200,10.72992
2015-06-11,12.06,12.09,11.92,12.08,1286100,10.93818
2015-06-12,12.05,12.05,11.86,11.95,1292400,10.82047
2015-06-15,11.86,11.95,11.80,11.93,1145100,10.80236
2015-06-16,11.90,12.17,11.90,12.13,1262000,10.98346
2015-06-17,12.20,12.39,12.16,12.36,1745500,11.19172
2015-06-18,12.32,12.38,12.17,12.34,2325800,11.17361
2015-06-19,12.40,12.47,12.32,12.44,1876000,11.26415
2015-06-22,12.35,12.49,12.31,12.44,791900,11.26415
2015-06-23,12.50,12.73,12.47,12.71,1737600,11.50863
2015-06-24,12.70,12.80,12.68,12.77,978800,11.56296
2015-06-25,12.66,12.69,12.59,12.61,1021100,11.41809
2015-06-26,12.53,12.58,12.36,12.50,1286200,11.31848
2015-06-29,12.22,12.29,12.06,12.21,1271000,11.05589
2015-06-30,12.07,12.30,12.02,12.26,1852500,11.10117
2015-07-01,12.27,12.45,12.27,12.34,786500,11.17361
2015-07-02,12.34,12.74,12.31,12.65,1965900,11.4543
2015-07-03,12.68,12.68,12.41,12.59,1291800,11.39998
2015-07-06,12.43,12.52,12.31,12.47,817800,11.29132
2015-07-07,12.55,12.76,12.55,12.74,1262000,11.5358
2015-07-08,12.62,12.69,12.42,12.53,1505300,11.34565
2015-07-09,12.42,12.60,12.30,12.53,1032400,11.34565
2015-07-10,12.57,12.69,12.53,12.58,1106400,11.39092
2015-07-13,12.60,12.68,12.53,12.54,616000,11.3547
2015-07-14,12.75,12.88,12.72,12.83,1544100,11.61729
2015-07-15,12.87,12.99,12.86,12.92,904200,11.69878
2015-07-16,12.97,13.08,12.90,12.94,1222400,11.71689
2015-07-17,12.97,13.00,12.87,12.96,714400,11.735
2015-07-20,12.99,13.05,12.93,13.01,746400,11.78028
2015-07-21,13.07,13.18,13.04,13.13,938800,11.88893
2015-07-22,13.11,13.13,13.00,13.02,1037200,11.78933
2015-07-23,13.02,13.16,13.00,13.02,1145400,11.78933
2015-07-24,12.99,13.08,12.88,12.99,1055100,11.76217
2015-07-27,12.94,13.00,12.87,13.00,721000,11.77122
2015-07-28,12.91,13.13,12.89,13.04,1118600,11.80744
2015-07-29,13.14,13.15,13.01,13.05,1857800,11.8165
2015-07-30,13.10,13.15,13.04,13.12,1336100,11.87988
2015-07-31,13.19,13.24,13.11,13.14,2734100,11.89799
2015-08-03,13.10,13.20,13.10,13.15,1098300,11.90704
2015-08-04,13.14,13.38,13.05,13.32,1366600,12.06098
2015-08-05,13.27,13.35,13.15,13.26,849900,12.00665
2015-08-06,13.13,13.22,13.02,13.09,1213200,11.85272
2015-08-07,12.99,13.18,12.85,12.97,1565800,11.74406
2015-08-10,12.87,12.87,12.37,12.63,2830000,11.4362
2015-08-11,12.65,12.68,11.88,12.07,4889800,10.92913
2015-08-12,12.11,12.18,11.90,12.02,2495900,10.88385
2015-08-13,12.02,12.16,12.02,12.10,2500100,10.95629
2015-08-14,12.05,12.12,11.85,11.86,1711400,10.73898
2015-08-17,11.91,12.03,11.75,11.77,1879400,10.65748
2015-08-18,11.30,11.40,11.11,11.14,2635900,10.50791
2015-08-19,11.14,11.35,11.13,11.30,1981100,10.65883
2015-08-20,11.20,11.26,11.04,11.05,1732500,10.42302
2015-08-21,11.00,11.00,10.70,10.73,2243000,10.12117
2015-08-24,10.43,10.54,10.18,10.22,3531800,9.64011
2015-08-25,9.90,10.66,9.90,10.62,3486900,10.01741
2015-08-26,10.45,10.82,10.40,10.74,2133700,10.13061
2015-08-27,10.96,11.05,10.83,10.92,1190100,10.30039
2015-08-28,11.02,11.06,10.75,10.82,1453800,10.20607
2015-08-31,10.82,11.11,10.82,10.97,2710400,10.34756
2015-09-01,10.88,11.05,10.51,10.51,1720500,9.91366
2015-09-02,10.31,10.54,10.29,10.52,2340300,9.92309
2015-09-03,10.60,10.63,10.34,10.36,1618500,9.77217
2015-09-04,10.39,10.40,10.20,10.26,1137800,9.67784
2015-09-07,10.26,10.31,10.08,10.19,1163600,9.61181
2015-09-08,10.22,10.39,10.22,10.37,1099400,9.7816
2015-09-09,10.46,10.58,10.41,10.55,1430200,9.95139
2015-09-10,10.37,10.40,10.23,10.30,1920700,9.71557
2015-09-11,10.45,10.45,10.18,10.20,993800,9.62125
2015-09-14,10.35,10.35,10.11,10.16,1173100,9.58351
2015-09-15,10.26,10.27,10.07,10.07,1839000,9.49862
2015-09-16,10.25,10.35,10.16,10.32,2139500,9.73444
2015-09-17,10.54,10.58,10.38,10.43,1672800,9.8382
2015-09-18,10.46,10.53,10.25,10.45,1641500,9.85706
2015-09-21,10.27,10.29,10.04,10.11,1311200,9.53635
2015-09-22,10.24,10.27,10.09,10.17,1048700,9.59295
2015-09-23,10.03,10.06,9.85,9.88,1966700,9.3194
2015-09-24,9.95,10.13,9.95,10.12,1863800,9.54578
2015-09-25,10.13,10.29,9.99,9.99,1430100,9.42316
2015-09-28,10.00,10.17,10.00,10.08,1434300,9.50805
2015-09-29,9.99,10.00,9.72,9.72,1653200,9.16848
2015-09-30,9.80,10.00,9.76,9.91,2278500,9.3477
2015-10-01,9.98,10.11,9.94,10.08,1599700,9.50805
2015-10-02,10.00,10.08,9.87,9.91,1305800,9.3477
2015-10-05,10.09,10.10,9.96,9.98,592300,9.41373
2015-10-06,10.08,10.16,10.05,10.07,965400,9.49862
2015-10-07,10.15,10.16,9.91,10.01,1458200,9.44203
2015-10-08,10.15,10.32,10.10,10.24,2489300,9.65898
2015-10-09,10.43,10.45,10.35,10.42,1220600,9.82876
2015-10-12,10.40,10.45,10.31,10.36,969100,9.77217
2015-10-13,10.30,10.33,10.19,10.29,1431300,9.70614
2015-10-14,10.20,10.25,10.075,10.14,2374000,9.56465
2015-10-15,10.20,10.26,10.07,10.25,1158500,9.66841
2015-10-16,10.34,10.48,10.34,10.43,963100,9.8382
2015-10-19,10.45,10.47,10.38,10.40,773500,9.8099
2015-10-20,10.45,10.45,10.28,10.30,811700,9.71557
2015-10-21,10.26,10.36,10.165,10.32,1085800,9.73444
2015-10-22,10.28,10.35,10.23,10.35,761000,9.76273
2015-10-23,10.48,10.75,10.48,10.70,1759200,10.09287
2015-10-26,10.78,10.89,10.61,10.66,1232400,10.05514
2015-10-27,10.72,10.88,10.695,10.85,1625200,10.23436
2015-10-28,10.90,10.91,10.65,10.69,1392900,10.08344
2015-10-29,10.79,10.93,10.68,10.73,1945100,10.12117
2015-10-30,10.73,10.75,10.53,10.70,1551300,10.09287
2015-11-02,10.72,10.75,10.45,10.47,973500,9.87593
2015-11-03,10.52,10.66,10.52,10.66,1315200,10.05514
2015-11-04,10.69,10.72,10.51,10.54,1368000,9.94195
2015-11-05,10.55,10.64,10.50,10.61,1077700,10.00798
2015-11-06,10.62,10.79,10.59,10.76,992600,10.14947
2015-11-09,10.69,10.76,10.48,10.56,1156700,9.96082
2015-11-10,10.50,10.63,10.48,10.63,1182600,10.02685
2015-11-11,10.64,10.79,10.60,10.72,991500,10.11174
2015-11-12,10.60,10.77,10.56,10.68,694000,10.07401
2015-11-13,10.57,10.60,10.42,10.56,1013100,9.96082
2015-11-16,10.40,10.57,10.36,10.53,986700,9.93252
2015-11-17,10.60,10.82,10.60,10.82,1203800,10.20607
2015-11-18,10.76,10.88,10.73,10.85,1293700,10.23436
2015-11-19,10.97,11.17,10.92,11.15,1423200,10.51734
2015-11-20,11.16,11.28,11.07,11.22,1155700,10.58337
2015-11-23,11.20,11.31,11.19,11.24,1104000,10.60223
2015-11-24,11.20,11.36,11.13,11.23,999500,10.5928
2015-11-25,11.25,11.30,11.10,11.12,1220400,10.48904
2015-11-26,11.11,11.28,11.11,11.16,747400,10.52677
2015-11-27,11.25,11.30,11.09,11.13,978200,10.49848
2015-11-30,11.14,11.27,11.12,11.16,1418700,10.52677
2015-12-01,11.16,11.47,11.15,11.45,1642700,10.80032
2015-12-02,11.44,11.47,11.31,11.42,1175500,10.77202
2015-12-03,11.31,11.43,11.25,11.42,1430600,10.77202
2015-12-04,11.25,11.26,11.05,11.10,1256200,10.47018
2015-12-07,11.32,11.39,11.24,11.29,1195900,10.6494
2015-12-08,11.20,11.26,11.10,11.11,1224900,10.47961
2015-12-09,11.10,11.19,11.00,11.11,985500,10.47961
2015-12-10,11.16,11.16,10.89,11.02,1194800,10.39472
2015-12-11,11.00,11.03,10.90,10.93,790800,10.30983
2015-12-14,10.80,10.89,10.72,10.72,1138700,10.11174
2015-12-15,10.72,10.845,10.66,10.79,1856100,10.17777
2015-12-16,10.89,11.05,10.81,11.02,1800300,10.39472
2015-12-17,11.12,11.32,11.12,11.24,1707300,10.60223
2015-12-18,11.07,11.33,11.05,11.24,2146200,10.60223
2015-12-21,11.10,11.31,11.10,11.24,1164500,10.60223
2015-12-22,11.31,11.40,11.24,11.40,1621300,10.75316
2015-12-23,11.43,11.48,11.40,11.45,601000,10.80032
2015-12-24,11.50,11.54,11.43,11.51,370900,10.85692
2015-12-25,11.51,11.51,11.51,11.51,000,10.85692
2015-12-28,11.51,11.51,11.51,11.51,000,10.85692
2015-12-29,11.51,11.77,11.46,11.77,887600,11.10216
2015-12-30,11.90,11.97,11.89,11.91,803400,11.23422
2015-12-31,11.88,12.00,11.72,11.95,736600,11.27195
2016-01-01,11.95,11.95,11.95,11.95,000,11.27195
2016-01-04,11.95,12.07,11.81,11.86,987700,11.18706
2016-01-05,11.75,11.77,11.65,11.69,1024800,11.0267
2016-01-06,11.75,11.76,11.51,11.60,1290400,10.94181
2016-01-07,11.60,11.63,11.26,11.36,1609300,10.71543
2016-01-08,11.30,11.30,11.12,11.26,1402200,10.6211
2016-01-11,11.10,11.21,10.91,11.21,1681000,10.57394
2016-01-12,11.16,11.26,10.97,11.04,2219100,10.41358
2016-01-13,11.05,11.43,11.05,11.33,1580700,10.68713
2016-01-14,11.03,11.13,10.92,10.94,1737600,10.31926
2016-01-15,11.03,11.18,10.51,10.60,2354300,9.99855
2016-01-18,10.48,10.60,10.32,10.51,1387200,9.91366
2016-01-19,10.52,10.65,10.48,10.61,1168500,10.00798
2016-01-20,10.59,10.665,10.36,10.42,1217700,9.82876
2016-01-21,10.60,10.62,10.41,10.42,1385600,9.82876
2016-01-22,10.58,10.62,10.46,10.56,1038600,9.96082
2016-01-25,10.75,10.84,10.64,10.70,1103200,10.09287
2016-01-26,10.70,10.70,10.70,10.70,000,10.09287
2016-01-27,10.76,10.78,10.53,10.57,1443500,9.97025
2016-01-28,10.55,10.67,10.39,10.62,1250600,10.01741
2016-01-29,10.60,10.77,10.56,10.74,1767600,10.13061
2016-02-01,10.84,11.04,10.83,10.92,1121400,10.30039
2016-02-02,10.97,11.02,10.47,10.48,2138900,9.88536
2016-02-03,10.35,10.44,10.30,10.32,1835200,9.73444
2016-02-04,10.39,10.40,10.18,10.37,1511000,9.7816
2016-02-05,10.38,10.38,10.16,10.24,1114300,9.65898
2016-02-08,10.17,10.33,10.16,10.28,928000,9.69671
2016-02-09,10.15,10.15,9.71,9.71,2285700,9.15905
2016-02-10,9.72,9.93,9.125,9.27,2699800,8.74401
2016-02-11,9.40,9.53,9.35,9.50,1870400,8.96096
2016-02-12,9.40,9.43,9.06,9.23,2646400,8.70628
2016-02-15,9.51,9.67,8.71,8.86,4113800,8.35728
2016-02-16,8.98,8.99,8.51,8.80,4156100,8.30068
2016-02-17,8.94,8.98,8.60,8.62,2504900,8.1309
2016-02-18,8.74,8.845,8.70,8.82,2784200,8.31955
2016-02-19,8.82,8.825,8.66,8.78,2001300,8.28182
2016-02-22,8.80,8.84,8.73,8.79,1897800,8.29125
2016-02-23,8.85,8.90,8.66,8.68,2584100,8.18749
2016-02-24,8.68,8.72,8.40,8.45,3302500,7.97054
2016-02-25,8.56,8.62,8.32,8.42,2877000,7.94224
2016-02-26,8.50,8.57,8.43,8.51,2186300,8.02714
2016-02-29,8.57,8.64,8.54,8.56,2909800,8.0743
2016-03-01,8.20,8.20,8.00,8.05,3573500,8.05
2016-03-02,8.21,8.32,8.165,8.27,3410200,8.27
2016-03-03,8.30,8.67,8.27,8.65,4123100,8.65
2016-03-04,8.66,8.91,8.60,8.70,3322200,8.70
2016-03-07,8.90,9.10,8.87,9.08,2673700,9.08
2016-03-08,9.19,9.34,8.90,8.92,3370900,8.92
2016-03-09,8.85,9.15,8.765,9.12,2374400,9.12
2016-03-10,9.19,9.24,9.01,9.07,2586600,9.07
2016-03-11,9.20,9.30,9.04,9.28,2272300,9.28
2016-03-14,9.35,9.65,9.34,9.50,2724100,9.50
2016-03-15,9.51,9.62,9.28,9.35,2243600,9.35
2016-03-16,9.36,9.47,9.29,9.45,2200200,9.45
2016-03-17,9.45,9.58,9.375,9.44,3077500,9.44
2016-03-18,9.57,9.80,9.515,9.70,11723900,9.70
2016-03-21,9.86,9.86,9.53,9.63,1775500,9.63
2016-03-22,9.65,9.89,9.62,9.76,2332200,9.76
2016-03-23,9.75,9.75,9.53,9.58,2214400,9.58
2016-03-24,9.45,9.45,8.92,9.00,4523500,9.00
2016-03-25,9.00,9.00,9.00,9.00,000,9.00
2016-03-28,9.00,9.00,9.00,9.00,000,9.00
2016-03-29,9.00,9.09,8.80,8.82,2661500,8.82
2016-03-30,8.91,8.95,8.70,8.77,2628800,8.77
2016-03-31,8.86,8.95,8.73,8.87,2863000,8.87
2016-04-01,8.81,8.81,8.58,8.63,3001200,8.63
2016-04-04,8.71,8.72,8.63,8.64,1617800,8.64
2016-04-05,8.65,8.69,8.47,8.55,3397200,8.55
2016-04-06,8.50,8.61,8.39,8.50,1987300,8.50
2016-04-07,8.55,8.59,8.52,8.55,1603500,8.55
2016-04-08,8.50,8.55,8.24,8.35,2245900,8.35
2016-04-11,8.38,8.40,8.30,8.36,1038400,8.36
2016-04-12,8.38,8.56,8.36,8.55,1251300,8.55
2016-04-13,8.65,8.69,8.58,8.60,1590000,8.60
2016-04-14,8.67,8.72,8.61,8.66,2373800,8.66
2016-04-15,8.75,9.04,8.73,9.00,3311800,9.00


2016-04-18,8.90,8.99,8.79,8.88,1480300,8.88
2016-04-19,9.03,9.14,8.95,9.04,1540300,9.04
2016-04-20,9.13,9.19,9.06,9.15,1477500,9.15
2016-04-21,9.26,9.30,9.19,9.30,1752800,9.30
2016-04-22,9.16,9.365,9.09,9.33,1626300,9.33


2016-04-25,9.33,9.33,9.33,9.33,000,9.33
2016-04-26,9.30,9.40,9.21,9.31,1667000,9.31
2016-04-27,9.35,9.45,9.15,9.18,1728000,9.18
2016-04-28,9.26,9.38,9.22,9.28,1513000,9.28
2016-04-29,9.25,9.37,9.20,9.32,1597800,9.32


2016-05-02,9.21,9.27,8.96,9.09,2116200,9.09
2016-05-03,9.00,9.40,8.93,9.39,2438100,9.39
2016-05-04,9.37,9.43,9.13,9.39,1966900,9.39
2016-05-05,9.39,9.45,9.32,9.42,1485600,9.42
2016-05-06,9.33,9.35,9.16,9.35,1672000,9.35


2016-05-09,9.30,9.50,9.27,9.50,1753800,9.50
2016-05-10,9.50,9.64,9.47,9.63,1537100,9.63
2016-05-11,9.68,9.76,9.60,9.63,1351700,9.63
2016-05-12,9.63,9.72,9.56,9.72,958700,9.72
2016-05-13,9.75,9.76,9.60,9.67,1423100,9.67


2016-05-16,9.69,9.80,9.66,9.76,1089000,9.76
2016-05-17,9.81,10.07,9.81,10.06,1758100,10.06
2016-05-18,9.95,10.11,9.87,9.88,1302700,9.88
2016-05-19,10.00,10.03,9.94,9.98,1609800,9.98
2016-05-20,10.00,10.00,9.87,9.94,1156100,9.94


2016-05-23,9.94,10.00,9.825,9.87,1695800,9.87
2016-05-24,9.96,10.05,9.82,9.98,1902700,9.98
2016-05-25,10.05,10.32,10.05,10.23,1952500,10.23
2016-05-26,10.24,10.35,10.12,10.26,1562500,10.26
2016-05-27,10.28,10.30,10.165,10.22,2053800,10.22


2016-05-30,10.23,10.27,10.15,10.25,1028900,10.25
2016-05-31,10.21,10.30,10.11,10.24,2220800,10.24
2016-06-01,10.14,10.18,9.93,9.99,1664000,9.99
2016-06-02,9.95,9.99,9.41,9.43,3605800,9.43
2016-06-03,9.55,9.56,9.15,9.33,3276500,9.33


2016-06-06,9.30,9.42,9.20,9.39,1339400,9.39
2016-06-07,9.45,9.50,9.36,9.41,1368600,9.41
2016-06-08,9.41,9.425,9.33,9.37,1395000,9.37
2016-06-09,9.38,9.45,9.28,9.38,883400,9.38
2016-06-10,9.34,9.34,9.20,9.25,1335900,9.25


2016-06-13,9.25,9.25,9.25,9.25,000,9.25
2016-06-14,9.14,9.18,9.01,9.05,1921100,9.05
