Date,Open,High,Low,Close,Volume,Adj Close
2015-01-01,27.4445,27.4445,27.4445,27.4445,000,24.61435
2015-01-02,27.2203,27.6688,27.024,27.6034,3012500,24.75686
2015-01-05,27.4632,27.6314,27.3137,27.5473,3715800,24.70654
2015-01-06,26.398,26.4914,26.0709,26.2672,12995400,23.55845
2015-01-07,26.2111,26.4167,26.0242,26.2672,8166900,23.55845
2015-01-08,26.5381,26.6316,26.398,26.5194,6366500,23.78464
2015-01-09,27.0521,27.2577,26.9586,27.2483,7774300,24.43838
2015-01-12,26.725,26.8559,26.5849,26.6409,6534300,23.89361
2015-01-13,26.2672,26.3326,26.0803,26.1363,7274800,23.44105
2015-01-14,26.0522,26.1176,25.3187,25.4168,9999800,22.79575
2015-01-15,25.2299,25.3234,24.7627,25.1365,14412900,22.54435
2015-01-16,25.5663,25.8466,25.1365,25.2766,9815700,22.67001
2015-01-19,26.2204,26.4634,25.856,25.8934,13533900,23.2232
2015-01-20,26.1176,26.1176,25.3794,25.6784,7839400,23.03037
2015-01-21,26.0709,26.2391,25.9962,26.2111,8044100,23.50814
2015-01-22,26.8559,27.1175,26.7811,26.9586,10217100,24.17855
2015-01-23,27.4726,27.6034,27.2577,27.4539,7637900,24.62278
2015-01-26,27.4539,27.4539,27.4539,27.4539,000,24.62278
2015-01-27,26.9586,27.1222,26.697,27.0521,7990400,24.26241
2015-01-28,27.1362,27.3511,26.8559,27.0427,7133000,24.25398
2015-01-29,26.8091,27.1362,26.8091,27.0521,6636400,24.26241
2015-01-30,27.4072,27.5473,27.2016,27.3418,17480800,24.52224
2015-02-02,27.6688,27.9211,27.6221,27.6595,9118500,24.80717
2015-02-03,28.3136,28.7247,28.2388,28.6406,11461800,25.6871
2015-02-04,29.9021,30.089,29.5751,29.8928,15609200,26.81017
2015-02-05,29.4069,29.4349,29.1359,29.3041,8791300,26.28218
2015-02-06,29.6685,29.7152,29.3695,29.4816,5140600,26.44137
2015-02-09,29.0705,29.2854,28.8929,29.1826,5652600,26.17321
2015-02-10,29.5284,29.5564,29.2013,29.3321,6066000,26.30729
2015-02-11,28.977,29.1265,28.8182,28.9396,6801300,25.95527
2015-02-12,28.949,29.248,28.6873,28.6873,8113200,25.72898
2015-02-13,29.4349,30.1638,29.4069,30.061,13507900,26.96103
2015-02-16,30.6964,30.7992,30.2105,30.4254,6896200,27.28785
2015-02-17,30.5375,30.7338,30.2946,30.4161,4714800,27.27951
2015-02-18,30.7338,30.8179,30.332,30.8179,6975600,27.63987
2015-02-19,30.6777,30.7618,30.2852,30.3694,5627700,27.23762
2015-02-20,30.1825,30.2759,29.9862,30.1825,4282400,27.07
2015-02-23,30.1451,30.1825,29.8367,30.0143,5186400,26.91914
2015-02-24,30.089,31.0795,29.818,30.8926,10990200,27.70687
2015-02-25,31.3038,31.5748,31.1823,31.3038,8726300,28.07566
2015-02-26,31.201,31.5654,31.0702,31.3599,6198600,28.12598
2015-02-27,31.2851,31.5935,31.0795,31.444,16089400,28.20141
2015-03-02,31.3879,32.042,31.3879,31.8831,6427800,28.59522
2015-03-03,31.444,31.6308,31.1449,31.3412,9208000,28.10921
2015-03-04,31.2103,31.3318,30.9394,31.1262,5663600,27.91638
2015-03-05,30.7899,31.0048,30.4721,30.9861,12444100,27.79072
2015-03-06,30.5095,30.631,30.3226,30.5002,7037800,27.35493
2015-03-09,29.9021,30.103,29.7433,30.0423,6645900,26.94425
2015-03-10,29.9302,30.1264,29.6498,29.818,8493100,26.74308
2015-03-11,28.3136,28.4631,28.1547,28.3416,13434500,26.44284
2015-03-12,28.1267,28.3603,28.0426,28.2201,8358500,26.32948
2015-03-13,27.9585,27.9772,27.7249,27.809,8298600,25.94592
2015-03-16,27.4539,27.6127,27.1082,27.4726,6778600,25.63206
2015-03-17,27.6595,27.9305,27.6127,27.8183,6776400,25.9546
2015-03-18,28.1828,28.3136,27.9118,28.2201,8318900,26.32948
2015-03-19,28.5752,28.8182,28.407,28.5752,10301300,26.66079
2015-03-20,28.2108,28.6967,28.1547,28.6593,10906500,26.73926
2015-03-23,28.8182,29.1546,28.8088,28.9677,6244700,27.027
2015-03-24,29.2761,29.4256,28.9677,29.1733,7216600,27.21882
2015-03-25,29.1172,29.2761,28.8556,29.0705,6822600,27.12291
2015-03-26,28.9957,29.0611,28.5098,28.7621,8038600,26.83517
2015-03-27,28.6873,29.0331,28.65,28.7341,11689500,26.80905
2015-03-30,28.4631,28.5005,28.0426,28.1267,5873400,26.24234
2015-03-31,28.7808,29.0611,28.7808,28.9957,7872500,27.05312
2015-04-01,28.5565,28.6313,28.2762,28.351,9395000,26.45161
2015-04-02,28.3696,28.3696,28.108,28.2388,7738700,26.34693
2015-04-03,28.2388,28.2388,28.2388,28.2388,000,26.34693
2015-04-06,28.2388,28.2388,28.2388,28.2388,000,26.34693
2015-04-07,28.5939,28.8556,28.2762,28.4537,5940800,26.54743
2015-04-08,28.8556,28.8836,28.6313,28.7247,4643100,26.80028
2015-04-09,28.5005,28.5378,28.2108,28.2108,6294500,26.32081
2015-04-10,28.0332,28.2014,27.8837,28.1641,4701700,26.27723
2015-04-13,28.0145,28.0332,27.4819,27.4913,7414200,25.64951
2015-04-14,27.0521,27.267,26.9213,27.2109,8202000,25.38789
2015-04-15,27.8931,27.9959,27.5193,27.5754,8160400,25.72797
2015-04-16,28.1173,28.2855,28.08,28.2482,8686100,26.3557
2015-04-17,28.08,28.2201,27.7716,28.0052,5477900,26.12898
2015-04-20,27.9585,28.08,27.7809,27.865,5448600,25.99817
2015-04-21,28.379,28.5939,28.3603,28.5939,6838700,26.67824
2015-04-22,28.108,28.2855,27.9164,28.2855,6508800,26.3905
2015-04-23,28.8462,29.0331,28.7808,29.0238,11045200,27.07934
2015-04-24,29.6779,29.9489,29.6685,29.9489,14783600,27.94246
2015-04-27,30.3694,30.631,30.3133,30.4348,7592900,28.39581
2015-04-28,30.5189,30.5843,30.2572,30.2946,6843600,28.265
2015-04-29,30.332,30.5749,29.8554,29.9395,10408200,27.93369
2015-04-30,30.1264,30.2245,29.6779,29.8741,9414600,27.87267
2015-05-01,30.36,30.4815,30.2012,30.3694,7769400,28.33479
2015-05-04,30.8366,31.1636,30.6777,31.1636,11645400,29.07578
2015-05-05,30.9487,31.0795,30.2385,30.4254,10585700,28.38704
2015-05-06,30.2666,30.7431,30.1311,30.2292,8002800,28.20398
2015-05-07,29.9021,30.1544,29.7246,29.7993,7955500,27.80288
2015-05-08,29.5564,29.6779,29.1733,29.248,11108500,27.28852
2015-05-11,29.9021,29.9675,29.6124,29.7339,6712500,27.74186
2015-05-12,30.2759,30.3974,30.1077,30.3974,9135500,28.36091
2015-05-13,30.2572,30.6497,30.2198,30.3694,9089500,28.33479
2015-05-14,29.9021,29.9862,29.7152,29.8741,8429600,27.87267
2015-05-15,30.1825,30.36,30.0049,30.36,5915000,28.32602
2015-05-18,30.39,30.69,30.07,30.13,7456700,28.11143
2015-05-19,30.29,30.33,29.54,29.63,9638100,27.64492
2015-05-20,29.00,29.02,28.52,28.82,10477800,26.88919
2015-05-21,28.82,29.375,28.82,29.24,7365200,27.28105
2015-05-22,29.49,29.64,29.21,29.25,3843500,27.29038
2015-05-25,29.34,29.59,29.20,29.48,3401000,27.50497
2015-05-26,29.56,29.89,29.52,29.82,4606400,27.8222
2015-05-27,29.16,29.35,29.04,29.34,7665100,27.37435
2015-05-28,29.27,29.40,28.92,29.20,5728900,27.24373
2015-05-29,29.26,29.59,29.21,29.59,16585600,27.60761
2015-06-01,29.22,29.28,28.86,29.19,5244300,27.2344
2015-06-02,28.97,29.02,28.33,28.33,8399400,26.43202
2015-06-03,28.87,28.885,28.42,28.53,8765500,26.61862
2015-06-04,28.62,28.62,27.99,28.09,9388700,26.2081
2015-06-05,28.11,28.19,27.70,27.90,6147900,26.03083
2015-06-08,27.90,27.90,27.90,27.90,000,26.03083
2015-06-09,28.03,28.26,27.54,27.60,7885200,25.75093
2015-06-10,27.60,27.83,27.37,27.66,5656900,25.80691
2015-06-11,28.06,28.39,28.00,28.23,5542900,26.33872
2015-06-12,28.00,28.15,27.78,27.90,6156400,26.03083
2015-06-15,27.75,27.95,27.66,27.92,5712400,26.04949
2015-06-16,27.69,28.01,27.55,27.75,5122800,25.89088
2015-06-17,27.75,28.25,27.64,28.17,7700100,26.28274
2015-06-18,28.21,28.21,27.82,27.97,10697700,26.09614
2015-06-19,28.28,28.47,28.22,28.41,7096300,26.50666
2015-06-22,28.24,28.32,27.985,28.32,3947800,26.42269
2015-06-23,28.64,28.70,28.43,28.61,7440600,26.69326
2015-06-24,28.93,28.98,28.52,28.55,7748600,26.63728
2015-06-25,28.70,28.79,28.50,28.51,6181100,26.59996
2015-06-26,27.96,27.98,27.43,27.50,17096700,25.65763
2015-06-29,27.20,27.39,26.79,26.95,7922200,25.14447
2015-06-30,27.10,27.32,26.635,27.05,10644000,25.23777
2015-07-01,26.58,26.65,26.33,26.65,7139600,24.86457
2015-07-02,26.55,27.24,26.40,27.00,7474000,25.19112
2015-07-03,26.96,27.04,26.215,26.59,7540400,24.80859
2015-07-06,26.00,26.21,25.90,26.01,7027000,24.26745
2015-07-07,26.34,26.40,25.91,26.25,9008000,24.49137
2015-07-08,25.98,25.98,25.43,25.43,9614100,23.72631
2015-07-09,25.25,26.05,25.05,25.88,11566900,24.14616
2015-07-10,26.08,26.74,26.05,26.65,8160200,24.86457
2015-07-13,26.65,26.86,26.27,26.41,5173300,24.64065
2015-07-14,27.29,27.46,27.04,27.10,7336700,25.28442
2015-07-15,26.93,27.08,26.60,26.90,9321800,25.09782
2015-07-16,26.91,27.23,26.68,27.08,6170200,25.26576
2015-07-17,27.01,27.18,26.79,27.10,4153700,25.28442
2015-07-20,26.85,26.99,26.68,26.99,4205000,25.18179
2015-07-21,26.67,26.90,26.52,26.82,5185100,25.02318
2015-07-22,26.50,26.82,26.23,26.27,7370900,24.51003
2015-07-23,25.63,25.70,25.50,25.50,8853600,23.79162
2015-07-24,25.22,25.57,25.10,25.27,8502800,23.57703
2015-07-27,25.02,25.59,24.94,25.52,7156000,23.81028
2015-07-28,25.08,25.70,24.90,25.37,8127100,23.67033
2015-07-29,25.67,26.06,25.66,25.89,6971300,24.15549
2015-07-30,26.22,26.62,26.20,26.50,7534100,24.72462
2015-07-31,26.30,26.49,26.22,26.45,11132200,24.67797
2015-08-03,26.30,26.42,26.01,26.18,4249100,24.42606
2015-08-04,25.77,26.17,25.55,25.90,8736000,24.16482
2015-08-05,26.06,26.53,26.04,26.49,7900400,24.71529
2015-08-06,26.56,26.77,26.56,26.69,7579200,24.90189
2015-08-07,26.33,26.64,25.93,25.93,7075200,24.19281
2015-08-10,26.05,26.20,25.80,26.00,4194900,24.25812
2015-08-11,26.70,26.83,26.23,26.34,10040000,24.57534
2015-08-12,25.92,25.95,25.03,25.20,11647300,23.51172
2015-08-13,25.68,25.97,25.51,25.51,7764900,23.80095
2015-08-14,25.50,25.62,25.175,25.32,6241800,23.62368
2015-08-17,25.51,25.64,25.13,25.20,6476400,23.51172
2015-08-18,25.12,25.46,24.98,24.98,10466200,23.30645
2015-08-19,25.07,25.45,25.00,25.16,5719500,23.47439
2015-08-20,24.55,24.65,24.30,24.38,8924900,22.74665
2015-08-21,24.36,24.69,23.925,24.10,12556200,22.48541
2015-08-24,23.53,23.70,22.82,22.89,12841900,21.35647
2015-08-25,22.41,23.40,22.41,23.34,14089100,21.77633
2015-08-26,23.00,23.99,22.97,23.94,11993600,22.33613
2015-08-27,24.19,24.42,24.06,24.06,10618200,22.44809
2015-08-28,25.35,25.53,25.17,25.49,20000300,23.78229
2015-08-31,25.26,25.53,24.83,25.18,9054800,23.49306
2015-09-01,25.75,25.88,24.55,24.65,17132500,22.99856
2015-09-02,24.35,24.63,23.98,24.63,12300600,22.9799
2015-09-03,25.12,25.16,24.32,24.32,9939600,22.69067
2015-09-04,24.89,25.08,24.48,24.69,9475000,23.03588
2015-09-07,24.59,24.59,23.935,24.19,11750900,22.56938
2015-09-08,24.49,24.70,24.42,24.70,9385300,23.04521
2015-09-09,24.45,24.65,24.21,24.65,11532600,24.22863
2015-09-10,24.30,24.40,23.78,23.92,10633500,23.51111
2015-09-11,24.00,24.09,23.63,23.71,11459200,23.3047
2015-09-14,24.10,24.16,23.52,23.74,8202100,23.33419
2015-09-15,23.99,24.00,23.38,23.43,9395700,23.02949
2015-09-16,23.83,24.04,23.72,23.97,10812800,23.56025
2015-09-17,24.65,24.89,24.52,24.65,13779300,24.22863
2015-09-18,24.52,24.64,24.26,24.46,9190000,24.04188
2015-09-21,23.90,23.99,23.60,23.85,6761400,23.44231
2015-09-22,23.98,23.99,23.695,23.86,5198800,23.45214
2015-09-23,23.18,23.23,22.71,22.80,11257500,22.41025
2015-09-24,22.90,23.03,22.51,22.85,10029500,22.4594
2015-09-25,22.91,23.08,22.72,22.93,16211400,22.53803
2015-09-28,22.70,23.15,22.39,23.15,7100900,22.75427
2015-09-29,22.00,22.00,21.61,21.61,14024800,21.2406
2015-09-30,21.85,22.23,21.75,22.22,11592300,21.84017
2015-10-01,22.32,22.89,22.24,22.68,8294100,22.29231
2015-10-02,22.46,22.79,22.34,22.60,6211300,22.21367
2015-10-05,23.38,23.59,23.35,23.50,6972500,23.09829
2015-10-06,23.88,24.28,23.70,23.88,12072600,23.47179
2015-10-07,23.84,24.36,23.65,24.26,11951100,23.8453
2015-10-08,24.91,25.19,24.85,25.00,15006900,24.57265
2015-10-09,25.65,25.77,25.42,25.60,11193000,25.16239
2015-10-12,25.60,25.72,25.13,25.36,7434500,24.92649
2015-10-13,25.10,25.20,24.645,24.81,8439500,24.3859
2015-10-14,24.80,24.85,24.46,24.68,6609500,24.25812
2015-10-15,25.10,25.20,24.93,25.12,6697600,24.6906
2015-10-16,25.01,25.20,24.82,25.00,5971200,24.57265
2015-10-19,24.92,24.92,24.58,24.71,4683500,24.2876
2015-10-20,24.16,24.20,23.96,23.99,7455400,23.57991
2015-10-21,24.10,24.38,24.01,24.23,6071900,23.81581
2015-10-22,24.02,24.12,23.85,24.10,4350300,23.68803
2015-10-23,24.63,24.72,24.50,24.59,5772600,24.16966
2015-10-26,24.84,24.92,24.53,24.57,4778400,24.15
2015-10-27,24.44,24.465,24.15,24.34,6770100,23.92393
2015-10-28,23.98,23.98,23.65,23.78,8227600,23.3735
2015-10-29,24.15,24.15,23.365,23.47,6624200,23.0688
2015-10-30,23.02,23.19,22.85,23.02,15178500,22.62649
2015-11-02,23.00,23.20,22.73,22.80,4960100,22.41025
2015-11-03,22.95,23.31,22.91,23.02,8546500,22.62649
2015-11-04,23.55,23.815,23.39,23.47,9388300,23.0688
2015-11-05,23.50,23.50,23.05,23.28,5707700,22.88205
2015-11-06,22.55,22.76,22.02,22.70,18098500,22.31197
2015-11-09,21.90,22.08,21.42,21.42,16516900,21.05384
2015-11-10,21.35,21.70,21.27,21.57,13141000,21.20128
2015-11-11,21.48,21.48,20.88,20.95,12977600,20.59188
2015-11-12,20.59,20.81,20.22,20.61,9410300,20.25769
2015-11-13,19.96,20.34,19.81,20.23,18111000,19.88419
2015-11-16,19.95,20.49,19.90,20.10,9743900,19.75641
2015-11-17,20.32,20.37,20.12,20.37,8433600,20.02179
2015-11-18,19.84,19.92,19.73,19.81,12397800,19.47137
2015-11-19,20.20,20.42,19.96,20.42,8911200,20.07094
2015-11-20,20.17,20.85,20.17,20.50,10186300,20.14957
2015-11-23,20.15,20.18,19.87,20.07,11339700,19.72692
2015-11-24,19.75,19.91,19.65,19.71,10358700,19.37307
2015-11-25,19.79,19.96,19.67,19.67,8408500,19.33376
2015-11-26,19.06,19.29,18.93,18.94,17380400,18.61624
2015-11-27,18.98,19.24,18.77,18.77,12322500,18.44914
2015-11-30,18.53,18.56,18.09,18.09,17886300,17.78077
2015-12-01,18.24,18.76,18.23,18.75,12481200,18.42949
2015-12-02,18.76,18.96,18.65,18.75,8431200,18.42949
2015-12-03,18.45,18.48,18.19,18.19,10125100,17.87906
2015-12-04,17.95,18.06,17.81,17.93,11359000,17.6235
2015-12-07,18.17,18.27,17.96,17.99,5438900,17.68248
2015-12-08,17.57,17.57,17.00,17.05,15685800,16.75855
2015-12-09,16.98,17.43,16.71,17.16,14841800,16.86667
2015-12-10,17.31,17.68,17.27,17.48,12247400,17.1812
2015-12-11,17.24,17.38,17.09,17.20,8561900,16.90598
2015-12-14,16.69,16.88,16.57,16.60,12262900,16.31624
2015-12-15,16.39,16.49,16.25,16.27,13155700,15.99188
2015-12-16,16.68,17.27,16.58,17.18,16246500,16.88632
2015-12-17,17.10,17.30,16.92,17.02,14462800,16.72906
2015-12-18,16.56,16.87,16.40,16.87,29004900,16.58162
2015-12-21,16.61,17.20,16.61,17.13,7998400,16.83718
2015-12-22,17.01,17.09,16.78,16.83,7424200,16.54231
2015-12-23,17.00,17.52,16.92,17.41,10145300,17.11239
2015-12-24,18.23,18.37,18.09,18.34,8315500,18.02649
2015-12-25,18.34,18.34,18.34,18.34,000,18.02649
2015-12-28,18.34,18.34,18.34,18.34,000,18.02649
2015-12-29,17.83,18.11,17.77,18.11,7379100,17.80043
2015-12-30,18.21,18.24,17.905,18.09,7319700,17.78077
2015-12-31,17.91,17.91,17.75,17.86,4094600,17.5547
2016-01-01,17.86,17.86,17.86,17.86,000,17.5547
2016-01-04,17.85,18.19,17.73,17.80,6135600,17.49572
2016-01-05,17.73,17.96,17.51,17.58,6668400,17.27949
2016-01-06,17.75,17.82,17.01,17.15,8606900,16.85684
2016-01-07,16.73,16.88,16.30,16.33,13342700,16.05085
2016-01-08,16.11,16.53,15.95,16.35,12562000,16.07051
2016-01-11,15.85,15.89,15.42,15.55,15213800,15.28419
2016-01-12,15.45,15.51,15.01,15.01,14763700,14.75342
2016-01-13,14.80,14.94,14.52,14.77,18806100,14.51752
2016-01-14,14.56,14.96,14.45,14.88,14582500,14.62564
2016-01-15,15.59,15.75,14.95,15.07,12651100,14.81239
2016-01-18,14.77,14.77,14.50,14.63,10779000,14.37991
2016-01-19,14.65,14.91,14.52,14.73,8899000,14.4782
2016-01-20,14.53,14.67,14.14,14.21,11597100,13.96709
2016-01-21,14.15,14.61,14.06,14.20,13959800,13.95726
2016-01-22,15.33,15.44,15.05,15.26,14977500,14.99914
2016-01-25,15.40,15.41,15.14,15.28,11537600,15.0188
2016-01-26,15.28,15.28,15.28,15.28,000,15.0188
2016-01-27,15.49,15.59,14.99,15.01,16437500,14.75342
2016-01-28,15.10,15.39,15.02,15.10,12842300,14.84188
2016-01-29,15.44,15.54,15.26,15.35,15611900,15.08761
2016-02-01,15.50,15.53,15.06,15.25,9375700,14.98932
2016-02-02,15.14,15.20,14.90,14.92,8230600,14.66496
2016-02-03,14.46,14.46,14.17,14.27,10015500,14.02607
2016-02-04,14.82,15.55,14.75,15.45,11707900,15.1859
2016-02-05,15.88,16.24,15.64,16.20,14958000,15.92308
2016-02-08,15.94,16.44,15.90,16.37,9486100,16.09017
2016-02-09,16.01,16.12,15.83,16.05,11128100,15.77564
2016-02-10,15.43,15.74,15.31,15.65,13211400,15.38248
2016-02-11,15.38,15.49,15.11,15.24,9018500,14.97949
2016-02-12,15.00,15.51,14.95,15.09,10155400,14.83205
2016-02-15,15.97,16.14,15.72,15.98,12598100,15.70684
2016-02-16,16.16,16.71,16.15,16.59,9409800,16.30641
2016-02-17,16.23,16.26,15.94,15.98,8432600,15.70684
2016-02-18,16.75,16.97,16.74,16.95,12921500,16.66026
2016-02-19,16.86,16.97,16.51,16.61,8579100,16.32607
2016-02-22,16.84,17.255,16.62,17.18,9112500,16.88632
2016-02-23,17.19,17.85,16.97,17.63,19850500,17.32863
2016-02-24,16.60,16.72,16.06,16.18,22617000,15.90342
2016-02-25,16.01,16.17,15.78,16.00,14839200,15.72649
2016-02-26,15.80,15.84,15.38,15.59,15210300,15.3235
2016-02-29,15.73,16.02,15.55,15.57,11495500,15.30384
2016-03-01,15.83,16.05,15.82,16.03,12728200,15.75598
2016-03-02,16.42,16.87,16.33,16.73,12803600,16.44402
2016-03-03,17.50,17.73,17.18,17.25,16153400,16.95513
2016-03-04,17.49,17.755,17.42,17.67,11339900,17.36795
2016-03-07,18.48,18.68,18.47,18.55,15283800,18.2329
2016-03-08,19.39,19.44,18.17,18.21,25330800,17.89872
2016-03-09,17.80,17.86,17.325,17.86,13900500,17.5547
2016-03-10,17.94,18.00,17.58,17.70,8457200,17.70
2016-03-11,17.70,17.72,17.35,17.61,7938300,17.61
2016-03-14,17.92,17.945,17.71,17.74,8539800,17.74
2016-03-15,17.64,17.735,17.10,17.13,14086800,17.13
2016-03-16,16.63,16.91,16.56,16.88,12521600,16.88
2016-03-17,17.23,17.58,17.12,17.29,13904000,17.29
2016-03-18,17.79,18.14,17.76,18.10,19416800,18.10
2016-03-21,18.29,18.29,17.85,18.17,10307800,18.17
2016-03-22,17.82,18.02,17.81,17.90,6857500,17.90
2016-03-23,17.65,17.81,17.52,17.60,9844200,17.60
2016-03-24,17.01,17.05,16.75,17.00,21322500,17.00
2016-03-25,17.00,17.00,17.00,17.00,000,17.00
2016-03-28,17.00,17.00,17.00,17.00,000,17.00
2016-03-29,17.01,17.15,16.69,16.71,7510400,16.71
2016-03-30,16.85,16.85,16.52,16.62,9827800,16.62
2016-03-31,17.20,17.30,16.85,16.86,10837300,16.86
2016-04-01,16.84,17.185,16.69,16.97,7957700,16.97
2016-04-04,16.79,16.80,16.50,16.52,6501500,16.52
2016-04-05,16.31,16.33,15.85,15.98,11075400,15.98
2016-04-06,16.04,16.29,16.00,16.14,8709100,16.14
2016-04-07,16.04,16.425,15.86,16.39,12092200,16.39
2016-04-08,15.91,16.355,15.90,16.18,8164000,16.18
2016-04-11,16.39,16.57,16.25,16.55,6306500,16.55
2016-04-12,16.76,16.95,16.75,16.90,7532300,16.90
2016-04-13,17.44,17.95,17.43,17.92,15559300,17.92
2016-04-14,18.75,18.95,18.65,18.87,21751100,18.87
2016-04-15,18.77,19.37,18.74,19.28,15596800,19.28


2016-04-18,18.49,18.80,18.47,18.70,14866300,18.70
2016-04-19,19.23,19.72,19.21,19.67,15679700,19.67
2016-04-20,20.10,20.48,19.94,20.34,19345000,20.34
2016-04-21,21.13,21.25,20.86,21.05,18382500,21.05
2016-04-22,20.39,20.775,20.31,20.36,10788900,20.36


2016-04-25,20.36,20.36,20.36,20.36,000,20.36
2016-04-26,19.86,20.07,19.70,19.76,11511200,19.76
2016-04-27,20.04,20.05,19.58,19.65,9445600,19.65
2016-04-28,20.25,20.61,20.15,20.57,11634700,20.57
2016-04-29,20.30,20.73,20.21,20.68,19805300,20.68


2016-05-02,20.51,20.99,20.42,20.92,6594100,20.92
2016-05-03,20.40,20.79,20.33,20.73,10725400,20.73
2016-05-04,19.50,19.61,18.675,18.79,20447600,18.79
2016-05-05,18.52,18.85,17.91,18.43,19541300,18.43
2016-05-06,18.63,18.83,18.20,18.46,14786500,18.46


2016-05-09,18.87,18.94,18.14,18.41,8882100,18.41
2016-05-10,17.80,17.88,17.44,17.83,14668200,17.83
2016-05-11,18.38,18.61,18.285,18.55,11026800,18.55
2016-05-12,18.45,18.72,18.42,18.59,7977700,18.59
2016-05-13,18.26,18.39,17.95,18.20,8889300,18.20


2016-05-16,18.22,18.57,18.13,18.56,5893200,18.56
2016-05-17,18.87,19.26,18.87,19.21,10068500,19.21
2016-05-18,19.33,19.67,19.29,19.43,11313600,19.43
2016-05-19,19.00,19.06,18.43,18.71,12554100,18.71
2016-05-20,18.88,19.07,18.75,18.85,5521400,18.85


2016-05-23,18.68,18.78,18.335,18.37,8769900,18.37
2016-05-24,18.60,18.64,18.37,18.38,6713000,18.38
2016-05-25,18.97,19.115,18.81,18.90,10027700,18.90
2016-05-26,19.48,19.62,19.24,19.41,10095400,19.41
2016-05-27,19.41,19.47,19.215,19.37,12472100,19.37


2016-05-30,19.24,19.36,19.13,19.24,5461500,19.24
2016-05-31,19.20,19.34,19.03,19.08,9569500,19.08
2016-06-01,18.53,18.64,18.41,18.49,9345900,18.49
2016-06-02,18.35,18.435,18.21,18.24,7870200,18.24
2016-06-03,18.40,18.56,18.32,18.53,6118200,18.53


2016-06-06,19.02,19.38,18.93,19.22,10567200,19.22
2016-06-07,19.80,19.96,19.73,19.78,12457400,19.78
2016-06-08,19.30,19.65,19.15,19.54,9103600,19.54
2016-06-09,19.80,19.96,19.56,19.61,5378100,19.61
2016-06-10,18.89,18.93,18.74,18.80,8564400,18.80


2016-06-13,18.80,18.80,18.80,18.80,000,18.80
2016-06-14,18.20,18.47,18.15,18.20,9708100,18.20
