Date,Open,High,Low,Close,Volume,Adj Close
2015-01-01,0.25,0.25,0.25,0.25,000,0.25
2015-01-02,0.285,0.29,0.265,0.265,46100,0.265
2015-01-05,0.265,0.265,0.265,0.265,000,0.265
2015-01-06,0.265,0.265,0.265,0.265,000,0.265
2015-01-07,0.265,0.265,0.265,0.265,000,0.265
2015-01-08,0.285,0.285,0.26,0.265,178800,0.265
2015-01-09,0.26,0.26,0.26,0.26,60000,0.26
2015-01-12,0.25,0.25,0.25,0.25,12000,0.25
2015-01-13,0.25,0.25,0.25,0.25,11900,0.25
2015-01-14,0.26,0.26,0.24,0.245,45500,0.245
2015-01-15,0.25,0.25,0.235,0.245,117600,0.245
2015-01-16,0.245,0.25,0.235,0.25,12300,0.25
2015-01-19,0.265,0.265,0.20,0.225,374600,0.225
2015-01-20,0.235,0.235,0.235,0.235,5000,0.235
2015-01-21,0.23,0.23,0.23,0.23,30000,0.23
2015-01-22,0.25,0.25,0.25,0.25,9700,0.25
2015-01-23,0.235,0.24,0.23,0.24,107300,0.24
2015-01-26,0.24,0.24,0.24,0.24,000,0.24
2015-01-27,0.24,0.255,0.24,0.255,79900,0.255
2015-01-28,0.245,0.25,0.23,0.235,292700,0.235
2015-01-29,0.235,0.235,0.235,0.235,000,0.235
2015-01-30,0.235,0.235,0.235,0.235,000,0.235
2015-02-02,0.235,0.235,0.235,0.235,100000,0.235
2015-02-03,0.235,0.235,0.235,0.235,000,0.235
2015-02-04,0.235,0.235,0.235,0.235,000,0.235
2015-02-05,0.24,0.24,0.235,0.235,144200,0.235
2015-02-06,0.23,0.23,0.23,0.23,5000,0.23
2015-02-09,0.225,0.225,0.215,0.215,125700,0.215
2015-02-10,0.215,0.215,0.21,0.21,30800,0.21
2015-02-11,0.22,0.22,0.21,0.22,380300,0.22
2015-02-12,0.22,0.22,0.22,0.22,245600,0.22
2015-02-13,0.22,0.22,0.22,0.22,140900,0.22
2015-02-16,0.22,0.24,0.22,0.23,143000,0.23
2015-02-17,0.23,0.23,0.23,0.23,10000,0.23
2015-02-18,0.23,0.23,0.225,0.225,75800,0.225
2015-02-19,0.22,0.23,0.22,0.23,42500,0.23
2015-02-20,0.22,0.23,0.22,0.225,114200,0.225
2015-02-23,0.225,0.225,0.225,0.225,31100,0.225
2015-02-24,0.225,0.225,0.22,0.22,125000,0.22
2015-02-25,0.225,0.225,0.21,0.21,165400,0.21
2015-02-26,0.21,0.225,0.21,0.225,70900,0.225
2015-02-27,0.225,0.225,0.225,0.225,32400,0.225
2015-03-02,0.225,0.23,0.21,0.21,58300,0.21
2015-03-03,0.21,0.21,0.19,0.20,441500,0.20
2015-03-04,0.195,0.20,0.19,0.19,203700,0.19
2015-03-05,0.195,0.20,0.19,0.20,78000,0.20
2015-03-06,0.195,0.20,0.195,0.20,10000,0.20
2015-03-09,0.19,0.19,0.19,0.19,50000,0.19
2015-03-10,0.19,0.19,0.19,0.19,000,0.19
2015-03-11,0.19,0.195,0.19,0.195,206600,0.195
2015-03-12,0.195,0.195,0.195,0.195,6700,0.195
2015-03-13,0.195,0.21,0.195,0.21,31100,0.21
2015-03-16,0.195,0.195,0.195,0.195,40100,0.195
2015-03-17,0.195,0.20,0.195,0.20,35000,0.20
2015-03-18,0.20,0.205,0.20,0.205,105000,0.205
2015-03-19,0.20,0.20,0.20,0.20,1000,0.20
2015-03-20,0.21,0.22,0.21,0.22,62200,0.22
2015-03-23,0.22,0.22,0.22,0.22,000,0.22
2015-03-24,0.21,0.22,0.21,0.22,300000,0.22
2015-03-25,0.21,0.235,0.21,0.23,246500,0.23
2015-03-26,0.235,0.235,0.225,0.23,62000,0.23
2015-03-27,0.23,0.23,0.23,0.23,000,0.23
2015-03-30,0.22,0.22,0.21,0.21,244000,0.21
2015-03-31,0.215,0.225,0.215,0.22,271600,0.22
2015-04-01,0.225,0.225,0.215,0.215,356100,0.215
2015-04-02,0.22,0.23,0.22,0.23,188500,0.23
2015-04-03,0.23,0.23,0.23,0.23,000,0.23
2015-04-06,0.23,0.23,0.23,0.23,000,0.23
2015-04-07,0.23,0.235,0.23,0.235,56600,0.235
2015-04-08,0.235,0.25,0.23,0.23,297900,0.23
2015-04-09,0.23,0.23,0.23,0.23,102000,0.23
2015-04-10,0.23,0.23,0.23,0.23,700,0.23
2015-04-13,0.24,0.24,0.23,0.24,12000,0.24
2015-04-14,0.23,0.23,0.23,0.23,100000,0.23
2015-04-15,0.23,0.23,0.23,0.23,000,0.23
2015-04-16,0.235,0.235,0.23,0.23,29800,0.23
2015-04-17,0.23,0.23,0.23,0.23,63200,0.23
2015-04-20,0.22,0.23,0.22,0.23,113000,0.23
2015-04-21,0.23,0.23,0.23,0.23,000,0.23
2015-04-22,0.22,0.22,0.22,0.22,32800,0.22
2015-04-23,0.22,0.245,0.22,0.24,259700,0.24
2015-04-24,0.245,0.25,0.245,0.245,98000,0.245
2015-04-27,0.245,0.25,0.235,0.245,31700,0.245
2015-04-28,0.25,0.25,0.25,0.25,65800,0.25
2015-04-29,0.25,0.26,0.235,0.26,115100,0.26
2015-04-30,0.235,0.235,0.235,0.235,5000,0.235
2015-05-01,0.235,0.235,0.235,0.235,000,0.235
2015-05-04,0.24,0.24,0.24,0.24,49500,0.24
2015-05-05,0.24,0.24,0.24,0.24,000,0.24
2015-05-06,0.23,0.23,0.23,0.23,1111000,0.23
2015-05-07,0.23,0.23,0.23,0.23,97500,0.23
2015-05-08,0.23,0.23,0.21,0.21,961600,0.21
2015-05-11,0.215,0.215,0.215,0.215,11500,0.215
2015-05-12,0.22,0.22,0.22,0.22,34000,0.22
2015-05-13,0.22,0.22,0.22,0.22,48000,0.22
2015-05-14,0.22,0.22,0.21,0.215,511500,0.215
2015-05-15,0.225,0.225,0.20,0.22,209800,0.22
2015-05-18,0.22,0.22,0.22,0.22,000,0.22
2015-05-19,0.22,0.22,0.22,0.22,100000,0.22
2015-05-20,0.22,0.23,0.22,0.225,147200,0.225
2015-05-21,0.225,0.225,0.225,0.225,000,0.225
2015-05-22,0.225,0.225,0.225,0.225,000,0.225
2015-05-25,0.21,0.21,0.21,0.21,10500,0.21
2015-05-26,0.21,0.21,0.21,0.21,12200,0.21
2015-05-27,0.21,0.21,0.21,0.21,40000,0.21
2015-05-28,0.215,0.215,0.215,0.215,8600,0.215
2015-05-29,0.215,0.215,0.215,0.215,000,0.215
2015-06-01,0.23,0.23,0.23,0.23,5000,0.23
2015-06-02,0.21,0.23,0.21,0.23,25200,0.23
2015-06-03,0.23,0.23,0.23,0.23,000,0.23
2015-06-04,0.22,0.22,0.22,0.22,15000,0.22
2015-06-05,0.22,0.22,0.22,0.22,29400,0.22
2015-06-08,0.22,0.22,0.22,0.22,000,0.22
2015-06-09,0.22,0.22,0.22,0.22,81500,0.22
2015-06-10,0.225,0.225,0.225,0.225,38400,0.225
2015-06-11,0.235,0.235,0.235,0.235,221000,0.235
2015-06-12,0.235,0.25,0.235,0.25,120900,0.25
2015-06-15,0.25,0.255,0.25,0.255,54700,0.255
2015-06-16,0.255,0.26,0.255,0.255,58200,0.255
2015-06-17,0.26,0.26,0.255,0.26,299000,0.26
2015-06-18,0.27,0.285,0.265,0.27,150700,0.27
2015-06-19,0.28,0.295,0.28,0.29,176000,0.29
2015-06-22,0.29,0.29,0.29,0.29,222900,0.29
2015-06-23,0.29,0.29,0.285,0.29,269500,0.29
2015-06-24,0.29,0.295,0.29,0.29,489100,0.29
2015-06-25,0.29,0.30,0.29,0.30,498400,0.30
2015-06-26,0.30,0.31,0.30,0.31,235000,0.31
2015-06-29,0.315,0.315,0.31,0.315,247400,0.315
2015-06-30,0.30,0.31,0.30,0.30,330000,0.30
2015-07-01,0.295,0.30,0.29,0.295,552700,0.295
2015-07-02,0.30,0.31,0.295,0.31,1130700,0.31
2015-07-03,0.31,0.31,0.30,0.30,440800,0.30
2015-07-06,0.30,0.30,0.29,0.30,130000,0.30
2015-07-07,0.30,0.30,0.295,0.30,504600,0.30
2015-07-08,0.275,0.275,0.275,0.275,62200,0.275
2015-07-09,0.26,0.26,0.25,0.255,99300,0.255
2015-07-10,0.27,0.28,0.27,0.275,92500,0.275
2015-07-13,0.29,0.295,0.29,0.295,264200,0.295
2015-07-14,0.30,0.32,0.30,0.32,539800,0.32
2015-07-15,0.31,0.315,0.31,0.315,352500,0.315
2015-07-16,0.325,0.335,0.325,0.335,206000,0.335
2015-07-17,0.34,0.36,0.34,0.34,934700,0.34
2015-07-20,0.34,0.36,0.34,0.36,430200,0.36
2015-07-21,0.345,0.345,0.31,0.315,1642800,0.315
2015-07-22,0.325,0.325,0.32,0.325,219800,0.325
2015-07-23,0.33,0.33,0.325,0.325,212600,0.325
2015-07-24,0.32,0.33,0.32,0.33,1421100,0.33
2015-07-27,0.335,0.35,0.335,0.35,124700,0.35
2015-07-28,0.36,0.36,0.35,0.35,875900,0.35
2015-07-29,0.35,0.365,0.35,0.365,302300,0.365
2015-07-30,0.35,0.365,0.35,0.35,113400,0.35
2015-07-31,0.35,0.35,0.35,0.35,100000,0.35
2015-08-03,0.35,0.36,0.34,0.35,341900,0.35
2015-08-04,0.35,0.35,0.35,0.35,7300,0.35
2015-08-05,0.35,0.35,0.35,0.35,388200,0.35
2015-08-06,0.365,0.365,0.365,0.365,100000,0.365
2015-08-07,0.35,0.35,0.35,0.35,262600,0.35
2015-08-10,0.35,0.35,0.35,0.35,255600,0.35
2015-08-11,0.35,0.365,0.35,0.365,405000,0.365
2015-08-12,0.36,0.365,0.36,0.365,647300,0.365
2015-08-13,0.36,0.365,0.36,0.36,292000,0.36
2015-08-14,0.375,0.375,0.375,0.375,99700,0.375
2015-08-17,0.375,0.38,0.375,0.375,160300,0.375
2015-08-18,0.38,0.38,0.38,0.38,999000,0.38
2015-08-19,0.38,0.38,0.375,0.375,226400,0.375
2015-08-20,0.36,0.36,0.36,0.36,54100,0.36
2015-08-21,0.365,0.365,0.365,0.365,20000,0.365
2015-08-24,0.35,0.35,0.315,0.315,38200,0.315
2015-08-25,0.315,0.33,0.315,0.33,89000,0.33
2015-08-26,0.355,0.36,0.355,0.355,428200,0.355
2015-08-27,0.37,0.37,0.365,0.365,215900,0.365
2015-08-28,0.36,0.365,0.36,0.365,185500,0.365
2015-08-31,0.365,0.38,0.365,0.37,820000,0.37
2015-09-01,0.385,0.395,0.375,0.38,492000,0.38
2015-09-02,0.41,0.42,0.41,0.41,790500,0.41
2015-09-03,0.43,0.43,0.40,0.41,355400,0.41
2015-09-04,0.40,0.405,0.395,0.395,438300,0.395
2015-09-07,0.39,0.39,0.385,0.385,338500,0.385
2015-09-08,0.38,0.385,0.36,0.38,39000,0.38
2015-09-09,0.39,0.395,0.39,0.395,84400,0.395
2015-09-10,0.38,0.40,0.38,0.40,278100,0.40
2015-09-11,0.40,0.40,0.40,0.40,000,0.40
2015-09-14,0.38,0.38,0.38,0.38,5200,0.38
2015-09-15,0.39,0.40,0.39,0.40,134500,0.40
2015-09-16,0.43,0.43,0.42,0.43,388500,0.43
2015-09-17,0.43,0.43,0.425,0.425,109500,0.425
2015-09-18,0.425,0.43,0.425,0.43,125700,0.43
2015-09-21,0.43,0.43,0.425,0.43,309400,0.43
2015-09-22,0.44,0.45,0.44,0.44,351000,0.44
2015-09-23,0.44,0.45,0.43,0.45,418100,0.45
2015-09-24,0.44,0.44,0.42,0.44,92400,0.44
2015-09-25,0.44,0.445,0.44,0.445,142900,0.445
2015-09-28,0.445,0.46,0.445,0.455,181600,0.455
2015-09-29,0.44,0.44,0.42,0.44,395500,0.44
2015-09-30,0.45,0.45,0.44,0.44,582000,0.44
2015-10-01,0.44,0.44,0.44,0.44,000,0.44
2015-10-02,0.45,0.45,0.45,0.45,221900,0.45
2015-10-05,0.45,0.45,0.45,0.45,000,0.45
2015-10-06,0.435,0.435,0.43,0.43,32200,0.43
2015-10-07,0.45,0.45,0.43,0.43,207300,0.43
2015-10-08,0.46,0.465,0.46,0.46,112600,0.46
2015-10-09,0.465,0.475,0.465,0.475,104800,0.475
2015-10-12,0.475,0.475,0.475,0.475,7000,0.475
2015-10-13,0.475,0.475,0.46,0.46,20300,0.46
2015-10-14,0.46,0.46,0.44,0.45,549800,0.45
2015-10-15,0.44,0.445,0.435,0.445,177000,0.445
2015-10-16,0.435,0.435,0.40,0.415,248900,0.415
2015-10-19,0.425,0.425,0.41,0.41,636700,0.41
2015-10-20,0.40,0.405,0.395,0.405,248600,0.405
2015-10-21,0.415,0.425,0.415,0.425,16200,0.425
2015-10-22,0.425,0.425,0.425,0.425,000,0.425
2015-10-23,0.425,0.425,0.425,0.425,15400,0.425
2015-10-26,0.42,0.42,0.415,0.415,5800,0.415
2015-10-27,0.42,0.44,0.42,0.44,219700,0.44
2015-10-28,0.44,0.445,0.435,0.435,135000,0.435
2015-10-29,0.43,0.43,0.42,0.42,158700,0.42
2015-10-30,0.44,0.44,0.43,0.43,89100,0.43
2015-11-02,0.44,0.44,0.43,0.44,91300,0.44
2015-11-03,0.45,0.485,0.45,0.48,250700,0.48
2015-11-04,0.49,0.53,0.47,0.51,759700,0.51
2015-11-05,0.59,0.615,0.555,0.565,1105600,0.565
2015-11-06,0.56,0.56,0.54,0.56,324700,0.56
2015-11-09,0.56,0.56,0.54,0.54,224400,0.54
2015-11-10,0.54,0.57,0.54,0.555,233400,0.555
2015-11-11,0.545,0.545,0.53,0.535,195100,0.535
2015-11-12,0.515,0.525,0.51,0.515,57000,0.515
2015-11-13,0.51,0.52,0.51,0.51,227100,0.51
2015-11-16,0.51,0.535,0.51,0.53,74000,0.53
2015-11-17,0.515,0.52,0.51,0.51,104900,0.51
2015-11-18,0.51,0.51,0.51,0.51,20000,0.51
2015-11-19,0.51,0.52,0.51,0.515,37800,0.515
2015-11-20,0.52,0.52,0.515,0.52,164500,0.52
2015-11-23,0.525,0.525,0.52,0.52,174500,0.52
2015-11-24,0.525,0.525,0.50,0.50,316400,0.50
2015-11-25,0.50,0.50,0.49,0.495,61100,0.495
2015-11-26,0.505,0.505,0.505,0.505,5100,0.505
2015-11-27,0.505,0.505,0.49,0.49,50000,0.49
2015-11-30,0.495,0.495,0.495,0.495,10700,0.495
2015-12-01,0.495,0.50,0.495,0.495,99300,0.495
2015-12-02,0.505,0.51,0.50,0.50,79800,0.50
2015-12-03,0.50,0.505,0.50,0.50,211700,0.50
2015-12-04,0.51,0.51,0.505,0.505,49300,0.505
2015-12-07,0.51,0.52,0.50,0.50,409600,0.50
2015-12-08,0.51,0.51,0.50,0.50,246300,0.50
2015-12-09,0.48,0.485,0.475,0.485,17500,0.485
2015-12-10,0.47,0.475,0.465,0.465,217400,0.465
2015-12-11,0.46,0.48,0.46,0.46,60500,0.46
2015-12-14,0.46,0.46,0.40,0.425,441800,0.425
2015-12-15,0.425,0.425,0.425,0.425,000,0.425
2015-12-16,0.445,0.445,0.44,0.445,4700,0.445
2015-12-17,0.44,0.445,0.41,0.41,149000,0.41
2015-12-18,0.41,0.435,0.41,0.435,19500,0.435
2015-12-21,0.45,0.45,0.43,0.43,22300,0.43
2015-12-22,0.45,0.49,0.45,0.47,77600,0.47
2015-12-23,0.475,0.475,0.45,0.455,108200,0.455
2015-12-24,0.455,0.455,0.455,0.455,000,0.455
2015-12-25,0.455,0.455,0.455,0.455,000,0.455
2015-12-28,0.455,0.455,0.455,0.455,000,0.455
2015-12-29,0.47,0.485,0.47,0.485,9400,0.485
2015-12-30,0.485,0.485,0.485,0.485,000,0.485
2015-12-31,0.49,0.50,0.485,0.485,44300,0.485
2016-01-01,0.485,0.485,0.485,0.485,000,0.485
2016-01-04,0.50,0.50,0.50,0.50,94500,0.50
2016-01-05,0.49,0.51,0.49,0.495,89900,0.495
2016-01-06,0.495,0.495,0.47,0.47,67700,0.47
2016-01-07,0.47,0.49,0.47,0.48,63600,0.48
2016-01-08,0.48,0.52,0.48,0.51,2201400,0.51
2016-01-11,0.515,0.515,0.50,0.51,137500,0.51
2016-01-12,0.51,0.52,0.51,0.51,232600,0.51
2016-01-13,0.50,0.54,0.50,0.505,86600,0.505
2016-01-14,0.51,0.515,0.49,0.51,266300,0.51
2016-01-15,0.51,0.51,0.51,0.51,000,0.51
2016-01-18,0.50,0.505,0.495,0.505,116900,0.505
2016-01-19,0.52,0.52,0.495,0.495,87100,0.495
2016-01-20,0.505,0.51,0.495,0.495,145300,0.495
2016-01-21,0.49,0.50,0.49,0.49,60800,0.49
2016-01-22,0.495,0.495,0.46,0.46,364900,0.46
2016-01-25,0.47,0.47,0.47,0.47,77500,0.47
2016-01-26,0.47,0.47,0.47,0.47,000,0.47
2016-01-27,0.49,0.49,0.47,0.47,128200,0.47
2016-01-28,0.49,0.495,0.48,0.48,303100,0.48
2016-01-29,0.50,0.50,0.48,0.48,370000,0.48
2016-02-01,0.49,0.49,0.465,0.465,522900,0.465
2016-02-02,0.485,0.485,0.485,0.485,21500,0.485
2016-02-03,0.475,0.475,0.465,0.475,592500,0.475
2016-02-04,0.485,0.485,0.45,0.455,431200,0.455
2016-02-05,0.465,0.465,0.465,0.465,6000,0.465
2016-02-08,0.475,0.48,0.465,0.47,460600,0.47
2016-02-09,0.47,0.48,0.46,0.46,710200,0.46
2016-02-10,0.46,0.46,0.46,0.46,52000,0.46
2016-02-11,0.46,0.46,0.44,0.445,75000,0.445
2016-02-12,0.46,0.46,0.425,0.425,83800,0.425
2016-02-15,0.435,0.435,0.425,0.43,38600,0.43
2016-02-16,0.44,0.46,0.43,0.46,54000,0.46
2016-02-17,0.46,0.46,0.46,0.46,39800,0.46
2016-02-18,0.46,0.46,0.46,0.46,63100,0.46
2016-02-19,0.47,0.47,0.47,0.47,70000,0.47
2016-02-22,0.47,0.47,0.47,0.47,000,0.47
2016-02-23,0.47,0.47,0.47,0.47,000,0.47
2016-02-24,0.47,0.47,0.46,0.46,118000,0.46
2016-02-25,0.46,0.46,0.46,0.46,000,0.46
2016-02-26,0.46,0.46,0.46,0.46,000,0.46
2016-02-29,0.45,0.47,0.45,0.47,5054700,0.47
2016-03-01,0.47,0.47,0.445,0.46,42600,0.46
2016-03-02,0.46,0.46,0.46,0.46,82500,0.46
2016-03-03,0.46,0.46,0.46,0.46,000,0.46
2016-03-04,0.46,0.46,0.46,0.46,000,0.46
2016-03-07,0.455,0.455,0.42,0.425,337700,0.425
2016-03-08,0.435,0.445,0.43,0.445,238900,0.445
2016-03-09,0.44,0.445,0.44,0.445,70300,0.445
2016-03-10,0.46,0.46,0.455,0.46,101900,0.46
2016-03-11,0.46,0.46,0.45,0.45,123900,0.45
2016-03-14,0.45,0.46,0.45,0.46,153000,0.46
2016-03-15,0.46,0.46,0.46,0.46,194000,0.46
2016-03-16,0.47,0.47,0.46,0.46,366300,0.46
2016-03-17,0.47,0.48,0.47,0.48,492000,0.48
2016-03-18,0.475,0.48,0.475,0.48,61000,0.48
2016-03-21,0.48,0.48,0.48,0.48,000,0.48
2016-03-22,0.485,0.485,0.475,0.475,141900,0.475
2016-03-23,0.475,0.475,0.475,0.475,66000,0.475
2016-03-24,0.47,0.475,0.465,0.475,114200,0.475
2016-03-25,0.475,0.475,0.475,0.475,000,0.475
2016-03-28,0.475,0.475,0.475,0.475,000,0.475
2016-03-29,0.475,0.475,0.475,0.475,12500,0.475
2016-03-30,0.48,0.48,0.47,0.47,59600,0.47
2016-03-31,0.47,0.47,0.465,0.465,70300,0.465
2016-04-01,0.465,0.465,0.465,0.465,1900,0.465
2016-04-04,0.47,0.475,0.47,0.475,39300,0.475
2016-04-05,0.485,0.485,0.47,0.48,506500,0.48
2016-04-06,0.48,0.48,0.475,0.48,159900,0.48
2016-04-07,0.48,0.485,0.475,0.475,70900,0.475
2016-04-08,0.49,0.49,0.485,0.49,184500,0.49
2016-04-11,0.49,0.50,0.48,0.48,114900,0.48
2016-04-12,0.49,0.495,0.48,0.48,237200,0.48
2016-04-13,0.49,0.50,0.49,0.495,38900,0.495
2016-04-14,0.52,0.56,0.51,0.51,103600,0.51
2016-04-15,0.51,0.54,0.51,0.54,77500,0.54


2016-04-18,0.55,0.55,0.51,0.535,111600,0.535
2016-04-19,0.51,0.535,0.51,0.535,28300,0.535
2016-04-20,0.545,0.545,0.545,0.545,20000,0.545
2016-04-21,0.545,0.55,0.53,0.53,44000,0.53
2016-04-22,0.53,0.535,0.505,0.51,116200,0.51


2016-04-25,0.51,0.51,0.51,0.51,000,0.51
2016-04-26,0.525,0.525,0.52,0.52,68800,0.52
2016-04-27,0.53,0.535,0.52,0.52,265600,0.52
2016-04-28,0.54,0.55,0.52,0.55,195500,0.55
2016-04-29,0.55,0.585,0.55,0.57,130200,0.57


2016-05-02,0.57,0.585,0.56,0.57,301800,0.57
2016-05-03,0.57,0.57,0.535,0.56,315000,0.56
2016-05-04,0.60,0.60,0.575,0.58,689800,0.58
2016-05-05,0.59,0.59,0.575,0.58,304600,0.58
2016-05-06,0.58,0.58,0.575,0.58,238100,0.58


2016-05-09,0.58,0.58,0.575,0.575,149000,0.575
2016-05-10,0.575,0.59,0.575,0.58,664900,0.58
2016-05-11,0.595,0.595,0.59,0.59,243900,0.59
2016-05-12,0.60,0.62,0.60,0.605,374100,0.605
2016-05-13,0.62,0.63,0.615,0.63,531600,0.63


2016-05-16,0.63,0.655,0.62,0.62,235400,0.62
2016-05-17,0.62,0.62,0.61,0.62,173300,0.62
2016-05-18,0.64,0.645,0.625,0.63,5045100,0.63
2016-05-19,0.63,0.65,0.63,0.635,194600,0.635
2016-05-20,0.65,0.65,0.635,0.64,330900,0.64


2016-05-23,0.65,0.665,0.65,0.65,226600,0.65
2016-05-24,0.65,0.65,0.64,0.64,176000,0.64
2016-05-25,0.65,0.665,0.645,0.65,233300,0.65
2016-05-26,0.655,0.675,0.655,0.665,233600,0.665
2016-05-27,0.685,0.69,0.675,0.685,350500,0.685


2016-05-30,0.695,0.695,0.675,0.68,150100,0.68
2016-05-31,0.68,0.68,0.655,0.655,201400,0.655
2016-06-01,0.655,0.67,0.65,0.66,149500,0.66
2016-06-02,0.65,0.65,0.63,0.64,265900,0.64
2016-06-03,0.64,0.65,0.63,0.64,101100,0.64


2016-06-06,0.645,0.66,0.63,0.65,156900,0.65
2016-06-07,0.66,0.675,0.66,0.67,85700,0.67
2016-06-08,0.665,0.665,0.65,0.65,495000,0.65
2016-06-09,0.64,0.67,0.60,0.67,169800,0.67
2016-06-10,0.67,0.67,0.66,0.67,20000,0.67


2016-06-13,0.67,0.67,0.67,0.67,000,0.67
2016-06-14,0.665,0.665,0.65,0.66,43400,0.66
