Date,Open,High,Low,Close,Volume,Adj Close
2015-01-01,0.042,0.042,0.042,0.042,000,0.042
2015-01-02,0.042,0.042,0.042,0.042,000,0.042
2015-01-05,0.042,0.042,0.042,0.042,000,0.042
2015-01-06,0.042,0.042,0.042,0.042,000,0.042
2015-01-07,0.042,0.042,0.042,0.042,000,0.042
2015-01-08,0.042,0.042,0.042,0.042,000,0.042
2015-01-09,0.042,0.042,0.042,0.042,000,0.042
2015-01-12,0.042,0.042,0.042,0.042,000,0.042
2015-01-13,0.042,0.042,0.042,0.042,000,0.042
2015-01-14,0.042,0.042,0.042,0.042,000,0.042
2015-01-15,0.042,0.042,0.042,0.042,000,0.042
2015-01-16,0.042,0.042,0.042,0.042,000,0.042
2015-01-19,0.042,0.042,0.042,0.042,000,0.042
2015-01-20,0.042,0.042,0.042,0.042,000,0.042
2015-01-21,0.042,0.042,0.042,0.042,000,0.042
2015-01-22,0.045,0.045,0.045,0.045,200000,0.045
2015-01-23,0.046,0.046,0.046,0.046,200000,0.046
2015-01-26,0.046,0.046,0.046,0.046,000,0.046
2015-01-27,0.046,0.046,0.046,0.046,000,0.046
2015-01-28,0.046,0.046,0.046,0.046,000,0.046
2015-01-29,0.046,0.046,0.046,0.046,000,0.046
2015-01-30,0.046,0.046,0.046,0.046,000,0.046
2015-02-02,0.046,0.046,0.046,0.046,000,0.046
2015-02-03,0.046,0.046,0.046,0.046,000,0.046
2015-02-04,0.045,0.046,0.045,0.046,109300,0.046
2015-02-05,0.046,0.046,0.046,0.046,20000,0.046
2015-02-06,0.046,0.047,0.046,0.047,200000,0.047
2015-02-09,0.06,0.06,0.059,0.06,424500,0.06
2015-02-10,0.06,0.06,0.06,0.06,172000,0.06
2015-02-11,0.06,0.06,0.06,0.06,000,0.06
2015-02-12,0.06,0.06,0.057,0.058,112000,0.058
2015-02-13,0.058,0.058,0.058,0.058,000,0.058
2015-02-16,0.058,0.058,0.058,0.058,000,0.058
2015-02-17,0.058,0.06,0.058,0.059,1128200,0.059
2015-02-18,0.058,0.059,0.058,0.059,129300,0.059
2015-02-19,0.059,0.059,0.059,0.059,000,0.059
2015-02-20,0.06,0.065,0.06,0.065,412300,0.065
2015-02-23,0.066,0.066,0.066,0.066,70600,0.066
2015-02-24,0.067,0.07,0.067,0.07,80000,0.07
2015-02-25,0.071,0.071,0.071,0.071,55000,0.071
2015-02-26,0.071,0.071,0.071,0.071,000,0.071
2015-02-27,0.075,0.076,0.075,0.076,75000,0.076
2015-03-02,0.076,0.076,0.076,0.076,000,0.076
2015-03-03,0.076,0.076,0.076,0.076,21000,0.076
2015-03-04,0.075,0.075,0.075,0.075,29000,0.075
2015-03-05,0.075,0.075,0.075,0.075,209700,0.075
2015-03-06,0.072,0.072,0.072,0.072,290000,0.072
2015-03-09,0.072,0.072,0.072,0.072,000,0.072
2015-03-10,0.072,0.072,0.072,0.072,000,0.072
2015-03-11,0.072,0.072,0.072,0.072,57000,0.072
2015-03-12,0.072,0.072,0.072,0.072,000,0.072
2015-03-13,0.071,0.071,0.071,0.071,25000,0.071
2015-03-16,0.071,0.071,0.071,0.071,000,0.071
2015-03-17,0.071,0.071,0.071,0.071,000,0.071
2015-03-18,0.071,0.071,0.071,0.071,000,0.071
2015-03-19,0.071,0.071,0.071,0.071,000,0.071
2015-03-20,0.071,0.071,0.071,0.071,000,0.071
2015-03-23,0.071,0.071,0.071,0.071,000,0.071
2015-03-24,0.071,0.071,0.071,0.071,000,0.071
2015-03-25,0.071,0.071,0.071,0.071,000,0.071
2015-03-26,0.071,0.071,0.071,0.071,000,0.071
2015-03-27,0.071,0.071,0.071,0.071,140000,0.071
2015-03-30,0.071,0.071,0.071,0.071,10400,0.071
2015-03-31,0.071,0.071,0.071,0.071,000,0.071
2015-04-01,0.071,0.071,0.071,0.071,000,0.071
2015-04-02,0.071,0.071,0.071,0.071,000,0.071
2015-04-03,0.071,0.071,0.071,0.071,000,0.071
2015-04-06,0.071,0.071,0.071,0.071,000,0.071
2015-04-07,0.071,0.071,0.071,0.071,000,0.071
2015-04-08,0.071,0.071,0.071,0.071,000,0.071
2015-04-09,0.071,0.071,0.071,0.071,000,0.071
2015-04-10,0.07,0.07,0.07,0.07,498500,0.07
2015-04-13,0.07,0.07,0.07,0.07,000,0.07
2015-04-14,0.07,0.07,0.07,0.07,18000,0.07
2015-04-15,0.07,0.07,0.07,0.07,000,0.07
2015-04-16,0.07,0.07,0.07,0.07,200000,0.07
2015-04-17,0.07,0.071,0.07,0.07,205400,0.07
2015-04-20,0.075,0.12,0.075,0.09,5154700,0.09
2015-04-21,0.094,0.098,0.08,0.082,3121000,0.082
2015-04-22,0.083,0.195,0.082,0.175,6520500,0.175
2015-04-23,0.19,0.19,0.135,0.16,4092700,0.16
2015-04-24,0.15,0.155,0.13,0.14,1929300,0.14
2015-04-27,0.145,0.17,0.125,0.16,1664000,0.16
2015-04-28,0.15,0.265,0.15,0.245,7382200,0.245
2015-04-29,0.245,0.245,0.245,0.245,000,0.245
2015-04-30,0.245,0.245,0.245,0.245,000,0.245
2015-05-01,0.255,0.255,0.16,0.185,3270100,0.185
2015-05-04,0.19,0.1975,0.165,0.17,963000,0.17
2015-05-05,0.18,0.185,0.165,0.17,850000,0.17
2015-05-06,0.17,0.17,0.14,0.15,577100,0.15
2015-05-07,0.16,0.18,0.13,0.16,1351500,0.16
2015-05-08,0.155,0.155,0.135,0.14,301700,0.14
2015-05-11,0.14,0.15,0.12,0.12,597500,0.12
2015-05-12,0.12,0.14,0.12,0.14,108400,0.14
2015-05-13,0.14,0.145,0.13,0.13,199700,0.13
2015-05-14,0.13,0.13,0.125,0.125,219400,0.125
2015-05-15,0.13,0.14,0.12,0.125,703500,0.125
2015-05-18,0.13,0.13,0.13,0.13,220800,0.13
2015-05-19,0.125,0.13,0.12,0.13,574200,0.13
2015-05-20,0.13,0.145,0.13,0.13,1700300,0.13
2015-05-21,0.135,0.135,0.12,0.12,568400,0.12
2015-05-22,0.125,0.125,0.105,0.11,610300,0.11
2015-05-25,0.11,0.11,0.10,0.10,200800,0.10
2015-05-26,0.11,0.12,0.105,0.11,412000,0.11
2015-05-27,0.115,0.12,0.105,0.105,708700,0.105
2015-05-28,0.115,0.12,0.115,0.115,134700,0.115
2015-05-29,0.12,0.125,0.12,0.125,59200,0.125
2015-06-01,0.125,0.13,0.125,0.13,333800,0.13
2015-06-02,0.13,0.14,0.13,0.13,114500,0.13
2015-06-03,0.125,0.13,0.12,0.12,192200,0.12
2015-06-04,0.125,0.125,0.11,0.11,412700,0.11
2015-06-05,0.11,0.11,0.11,0.11,160000,0.11
2015-06-08,0.11,0.11,0.11,0.11,000,0.11
2015-06-09,0.12,0.12,0.11,0.11,34200,0.11
2015-06-10,0.12,0.12,0.11,0.12,73200,0.12
2015-06-11,0.115,0.115,0.115,0.115,50000,0.115
2015-06-12,0.11,0.11,0.11,0.11,203200,0.11
2015-06-15,0.105,0.11,0.105,0.11,359600,0.11
2015-06-16,0.11,0.11,0.11,0.11,235000,0.11
2015-06-17,0.115,0.12,0.115,0.12,214300,0.12
2015-06-18,0.12,0.12,0.11,0.11,420600,0.11
2015-06-19,0.115,0.115,0.105,0.115,164900,0.115
2015-06-22,0.11,0.11,0.10,0.11,752400,0.11
2015-06-23,0.105,0.105,0.093,0.093,287000,0.093
2015-06-24,0.095,0.125,0.095,0.12,513800,0.12
2015-06-25,0.125,0.13,0.115,0.13,409200,0.13
2015-06-26,0.13,0.13,0.11,0.11,2322900,0.11
2015-06-29,0.105,0.11,0.105,0.11,110000,0.11
2015-06-30,0.12,0.135,0.12,0.135,1129700,0.135
2015-07-01,0.135,0.135,0.13,0.13,109900,0.13
2015-07-02,0.135,0.18,0.135,0.165,1156300,0.165
2015-07-03,0.18,0.18,0.17,0.17,351600,0.17
2015-07-06,0.17,0.17,0.155,0.155,549500,0.155
2015-07-07,0.16,0.16,0.15,0.15,220000,0.15
2015-07-08,0.15,0.15,0.14,0.14,156000,0.14
2015-07-09,0.14,0.145,0.14,0.145,43000,0.145
2015-07-10,0.14,0.145,0.13,0.145,268900,0.145
2015-07-13,0.15,0.16,0.14,0.14,155000,0.14
2015-07-14,0.14,0.14,0.14,0.14,45000,0.14
2015-07-15,0.155,0.155,0.135,0.14,175000,0.14
2015-07-16,0.135,0.135,0.12,0.125,350300,0.125
2015-07-17,0.125,0.125,0.12,0.12,400800,0.12
2015-07-20,0.125,0.125,0.125,0.125,14000,0.125
2015-07-21,0.12,0.12,0.115,0.12,116300,0.12
2015-07-22,0.12,0.12,0.11,0.11,74000,0.11
2015-07-23,0.115,0.115,0.115,0.115,25000,0.115
2015-07-24,0.125,0.13,0.12,0.12,144200,0.12
2015-07-27,0.12,0.12,0.12,0.12,000,0.12
2015-07-28,0.12,0.125,0.12,0.12,205000,0.12
2015-07-29,0.12,0.12,0.12,0.12,117200,0.12
2015-07-30,0.125,0.125,0.12,0.12,155000,0.12
2015-07-31,0.12,0.12,0.12,0.12,20000,0.12
2015-08-03,0.12,0.13,0.12,0.13,60100,0.13
2015-08-04,0.125,0.125,0.12,0.12,33300,0.12
2015-08-05,0.115,0.115,0.115,0.115,99700,0.115
2015-08-06,0.115,0.12,0.115,0.12,33100,0.12
2015-08-07,0.115,0.12,0.115,0.12,60000,0.12
2015-08-10,0.12,0.12,0.115,0.115,57000,0.115
2015-08-11,0.115,0.115,0.11,0.11,96400,0.11
2015-08-12,0.105,0.105,0.105,0.105,80100,0.105
2015-08-13,0.10,0.10,0.095,0.10,675200,0.10
2015-08-14,0.10,0.10,0.10,0.10,100000,0.10
2015-08-17,0.105,0.125,0.105,0.11,198400,0.11
2015-08-18,0.11,0.115,0.11,0.115,35500,0.115
2015-08-19,0.105,0.105,0.105,0.105,63800,0.105
2015-08-20,0.105,0.105,0.105,0.105,97900,0.105
2015-08-21,0.10,0.10,0.10,0.10,10000,0.10
2015-08-24,0.105,0.105,0.10,0.10,205000,0.10
2015-08-25,0.10,0.10,0.10,0.10,50000,0.10
2015-08-26,0.10,0.10,0.10,0.10,30000,0.10
2015-08-27,0.10,0.10,0.10,0.10,000,0.10
2015-08-28,0.099,0.099,0.09,0.09,300000,0.09
2015-08-31,0.099,0.099,0.099,0.099,117000,0.099
2015-09-01,0.105,0.12,0.105,0.11,268100,0.11
2015-09-02,0.105,0.105,0.105,0.105,100000,0.105
2015-09-03,0.105,0.105,0.105,0.105,40000,0.105
2015-09-04,0.105,0.105,0.105,0.105,000,0.105
2015-09-07,0.11,0.11,0.099,0.11,237400,0.11
2015-09-08,0.105,0.105,0.10,0.10,16600,0.10
2015-09-09,0.10,0.10,0.10,0.10,88600,0.10
2015-09-10,0.105,0.12,0.105,0.11,502600,0.11
2015-09-11,0.11,0.11,0.10,0.10,33000,0.10
2015-09-14,0.11,0.115,0.11,0.115,102000,0.115
2015-09-15,0.115,0.115,0.115,0.115,000,0.115
2015-09-16,0.11,0.11,0.105,0.11,104700,0.11
2015-09-17,0.11,0.12,0.105,0.12,456700,0.12
2015-09-18,0.12,0.12,0.12,0.12,000,0.12
2015-09-21,0.11,0.11,0.11,0.11,14400,0.11
2015-09-22,0.11,0.11,0.11,0.11,000,0.11
2015-09-23,0.115,0.115,0.115,0.115,31000,0.115
2015-09-24,0.12,0.125,0.11,0.12,131900,0.12
2015-09-25,0.125,0.125,0.125,0.125,293200,0.125
2015-09-28,0.135,0.15,0.135,0.135,1047200,0.135
2015-09-29,0.12,0.13,0.12,0.125,113700,0.125
2015-09-30,0.125,0.125,0.125,0.125,28400,0.125
2015-10-01,0.13,0.13,0.13,0.13,101500,0.13
2015-10-02,0.135,0.15,0.135,0.14,813900,0.14
2015-10-05,0.145,0.165,0.145,0.16,1829600,0.16
2015-10-06,0.155,0.155,0.135,0.145,468600,0.145
2015-10-07,0.145,0.155,0.14,0.14,570500,0.14
2015-10-08,0.145,0.145,0.14,0.14,234400,0.14
2015-10-09,0.145,0.155,0.145,0.15,1740900,0.15
2015-10-12,0.155,0.17,0.155,0.16,4186000,0.16
2015-10-13,0.16,0.16,0.155,0.16,1596800,0.16
2015-10-14,0.17,0.19,0.165,0.18,5691600,0.18
2015-10-15,0.19,0.20,0.175,0.185,4821900,0.185
2015-10-16,0.19,0.19,0.18,0.18,880600,0.18
2015-10-19,0.185,0.195,0.18,0.19,689200,0.19
2015-10-20,0.19,0.20,0.187,0.19,1461600,0.19
2015-10-21,0.19,0.195,0.185,0.185,663300,0.185
2015-10-22,0.185,0.185,0.175,0.175,602900,0.175
2015-10-23,0.18,0.185,0.18,0.185,135500,0.185
2015-10-26,0.185,0.185,0.175,0.185,420600,0.185
2015-10-27,0.19,0.215,0.185,0.215,1882500,0.215
2015-10-28,0.21,0.21,0.195,0.205,1143000,0.205
2015-10-29,0.215,0.22,0.20,0.22,1154300,0.22
2015-10-30,0.22,0.22,0.21,0.22,733400,0.22
2015-11-02,0.22,0.23,0.21,0.21,669000,0.21
2015-11-03,0.22,0.225,0.215,0.215,858700,0.215
2015-11-04,0.215,0.215,0.195,0.195,597600,0.195
2015-11-05,0.20,0.21,0.20,0.21,283600,0.21
2015-11-06,0.205,0.215,0.20,0.205,324000,0.205
2015-11-09,0.205,0.21,0.185,0.19,969500,0.19
2015-11-10,0.19,0.19,0.165,0.175,888200,0.175
2015-11-11,0.175,0.195,0.175,0.185,481400,0.185
2015-11-12,0.195,0.20,0.16,0.165,827500,0.165
2015-11-13,0.17,0.175,0.155,0.17,649600,0.17
2015-11-16,0.16,0.17,0.16,0.17,278000,0.17
2015-11-17,0.17,0.185,0.16,0.16,386400,0.16
2015-11-18,0.16,0.175,0.16,0.175,184500,0.175
2015-11-19,0.175,0.185,0.17,0.17,363200,0.17
2015-11-20,0.175,0.18,0.175,0.18,156800,0.18
2015-11-23,0.19,0.20,0.18,0.20,507500,0.20
2015-11-24,0.20,0.21,0.19,0.19,148400,0.19
2015-11-25,0.19,0.20,0.19,0.20,147300,0.20
2015-11-26,0.195,0.195,0.185,0.19,192200,0.19
2015-11-27,0.19,0.20,0.185,0.185,76400,0.185
2015-11-30,0.185,0.19,0.185,0.19,88700,0.19
2015-12-01,0.19,0.195,0.19,0.195,60000,0.195
2015-12-02,0.195,0.195,0.185,0.185,24500,0.185
2015-12-03,0.185,0.195,0.185,0.195,160000,0.195
2015-12-04,0.19,0.20,0.185,0.20,188700,0.20
2015-12-07,0.19,0.20,0.19,0.19,327000,0.19
2015-12-08,0.19,0.19,0.185,0.19,49200,0.19
2015-12-09,0.195,0.21,0.195,0.20,477700,0.20
2015-12-10,0.20,0.20,0.195,0.20,184300,0.20
2015-12-11,0.20,0.20,0.18,0.18,504400,0.18
2015-12-14,0.18,0.185,0.175,0.18,237500,0.18
2015-12-15,0.18,0.185,0.18,0.185,63600,0.185
2015-12-16,0.175,0.18,0.17,0.17,57700,0.17
2015-12-17,0.16,0.16,0.135,0.155,439400,0.155
2015-12-18,0.165,0.165,0.165,0.165,71600,0.165
2015-12-21,0.155,0.165,0.155,0.165,74400,0.165
2015-12-22,0.16,0.165,0.155,0.16,120700,0.16
2015-12-23,0.16,0.18,0.16,0.17,132300,0.17
2015-12-24,0.175,0.185,0.17,0.18,257400,0.18
2015-12-25,0.18,0.18,0.18,0.18,000,0.18
2015-12-28,0.18,0.18,0.18,0.18,000,0.18
2015-12-29,0.18,0.185,0.17,0.17,184400,0.17
2015-12-30,0.17,0.175,0.17,0.17,78500,0.17
2015-12-31,0.17,0.175,0.16,0.17,218700,0.17
2016-01-01,0.17,0.17,0.17,0.17,000,0.17
2016-01-04,0.175,0.175,0.16,0.175,555900,0.175
2016-01-05,0.17,0.175,0.165,0.17,142000,0.17
2016-01-06,0.17,0.17,0.16,0.16,98400,0.16
2016-01-07,0.17,0.17,0.155,0.155,510000,0.155
2016-01-08,0.155,0.155,0.14,0.15,405800,0.15
2016-01-11,0.155,0.165,0.15,0.15,182000,0.15
2016-01-12,0.15,0.15,0.14,0.14,99300,0.14
2016-01-13,0.14,0.15,0.14,0.15,63600,0.15
2016-01-14,0.15,0.15,0.15,0.15,20000,0.15
2016-01-15,0.15,0.155,0.15,0.15,376000,0.15
2016-01-18,0.15,0.15,0.145,0.145,98000,0.145
2016-01-19,0.15,0.155,0.14,0.14,292300,0.14
2016-01-20,0.135,0.135,0.13,0.135,179500,0.135
2016-01-21,0.135,0.14,0.13,0.135,274600,0.135
2016-01-22,0.13,0.135,0.13,0.135,135100,0.135
2016-01-25,0.135,0.135,0.13,0.135,119200,0.135
2016-01-26,0.135,0.135,0.135,0.135,000,0.135
2016-01-27,0.135,0.135,0.125,0.125,213500,0.125
2016-01-28,0.125,0.125,0.12,0.12,175000,0.12
2016-01-29,0.12,0.13,0.12,0.13,160800,0.13
2016-02-01,0.13,0.13,0.13,0.13,000,0.13
2016-02-02,0.12,0.12,0.12,0.12,155000,0.12
2016-02-03,0.12,0.12,0.11,0.12,551000,0.12
2016-02-04,0.115,0.12,0.11,0.115,479400,0.115
2016-02-05,0.11,0.115,0.11,0.115,180900,0.115
2016-02-08,0.115,0.115,0.11,0.11,107100,0.11
2016-02-09,0.115,0.115,0.11,0.11,180500,0.11
2016-02-10,0.11,0.11,0.107,0.107,86000,0.107
2016-02-11,0.13,0.14,0.115,0.115,701400,0.115
2016-02-12,0.11,0.11,0.105,0.105,364000,0.105
2016-02-15,0.105,0.11,0.105,0.11,61800,0.11
2016-02-16,0.105,0.115,0.105,0.115,141000,0.115
2016-02-17,0.11,0.11,0.11,0.11,49000,0.11
2016-02-18,0.115,0.115,0.11,0.11,194400,0.11
2016-02-19,0.11,0.14,0.11,0.135,378900,0.135
2016-02-22,0.135,0.16,0.135,0.15,433200,0.15
2016-02-23,0.15,0.15,0.14,0.15,207200,0.15
2016-02-24,0.14,0.14,0.14,0.14,70800,0.14
2016-02-25,0.14,0.145,0.14,0.145,82500,0.145
2016-02-26,0.145,0.145,0.14,0.145,117000,0.145
2016-02-29,0.145,0.145,0.135,0.135,63500,0.135
2016-03-01,0.135,0.135,0.13,0.13,120000,0.13
2016-03-02,0.13,0.135,0.125,0.135,94500,0.135
2016-03-03,0.14,0.16,0.14,0.15,282600,0.15
2016-03-04,0.15,0.155,0.145,0.155,206500,0.155
2016-03-07,0.175,0.19,0.175,0.18,1088200,0.18
2016-03-08,0.19,0.22,0.185,0.21,883800,0.21
2016-03-09,0.20,0.205,0.18,0.20,1011900,0.20
2016-03-10,0.18,0.18,0.17,0.175,122800,0.175
2016-03-11,0.175,0.18,0.175,0.18,152900,0.18
2016-03-14,0.18,0.18,0.17,0.17,243300,0.17
2016-03-15,0.165,0.165,0.165,0.165,59800,0.165
2016-03-16,0.16,0.165,0.155,0.165,168100,0.165
2016-03-17,0.165,0.19,0.16,0.19,448800,0.19
2016-03-18,0.19,0.195,0.17,0.17,480200,0.17
2016-03-21,0.17,0.17,0.16,0.16,408600,0.16
2016-03-22,0.16,0.165,0.16,0.165,276200,0.165
2016-03-23,0.155,0.155,0.155,0.155,173800,0.155
2016-03-24,0.155,0.155,0.155,0.155,95000,0.155
2016-03-25,0.155,0.155,0.155,0.155,000,0.155
2016-03-28,0.155,0.155,0.155,0.155,000,0.155
2016-03-29,0.17,0.17,0.155,0.155,176400,0.155
2016-03-30,0.15,0.155,0.15,0.155,134000,0.155
2016-03-31,0.15,0.15,0.15,0.15,14000,0.15
2016-04-01,0.145,0.15,0.135,0.15,135600,0.15
2016-04-04,0.14,0.15,0.13,0.15,756100,0.15
2016-04-05,0.145,0.15,0.14,0.14,300600,0.14
2016-04-06,0.14,0.16,0.14,0.155,657900,0.155
2016-04-07,0.155,0.185,0.155,0.165,1198500,0.165
2016-04-08,0.19,0.22,0.18,0.215,2751000,0.215
2016-04-11,0.25,0.27,0.235,0.25,2781500,0.25
2016-04-12,0.26,0.265,0.24,0.25,3514400,0.25
2016-04-13,0.245,0.25,0.225,0.25,1003100,0.25
2016-04-14,0.245,0.245,0.225,0.23,1370900,0.23
2016-04-15,0.23,0.265,0.23,0.265,1760000,0.265


2016-04-18,0.28,0.32,0.28,0.305,2703500,0.305
2016-04-19,0.315,0.335,0.285,0.29,3414900,0.29
2016-04-20,0.295,0.305,0.275,0.275,1859700,0.275
2016-04-21,0.285,0.285,0.25,0.27,1812100,0.27
2016-04-22,0.27,0.28,0.26,0.27,748100,0.27


2016-04-25,0.27,0.27,0.27,0.27,000,0.27
2016-04-26,0.28,0.285,0.25,0.25,1054600,0.25
2016-04-27,0.255,0.275,0.24,0.245,617400,0.245
2016-04-28,0.245,0.26,0.225,0.245,830500,0.245
2016-04-29,0.24,0.26,0.235,0.26,213100,0.26


2016-05-02,0.26,0.285,0.26,0.28,413800,0.28
2016-05-03,0.275,0.285,0.275,0.28,77900,0.28
2016-05-04,0.28,0.285,0.255,0.27,697800,0.27
2016-05-05,0.275,0.285,0.265,0.28,776100,0.28
2016-05-06,0.275,0.275,0.265,0.27,248500,0.27


2016-05-09,0.265,0.275,0.255,0.26,686500,0.26
2016-05-10,0.26,0.26,0.245,0.245,508100,0.245
2016-05-11,0.26,0.26,0.24,0.245,367000,0.245
2016-05-12,0.25,0.27,0.25,0.27,477800,0.27
2016-05-13,0.27,0.28,0.255,0.265,483000,0.265


2016-05-16,0.26,0.27,0.25,0.255,170200,0.255
2016-05-17,0.255,0.27,0.255,0.27,225700,0.27
2016-05-18,0.275,0.28,0.255,0.265,1122200,0.265
2016-05-19,0.265,0.265,0.245,0.25,501900,0.25
2016-05-20,0.245,0.26,0.245,0.25,227000,0.25


2016-05-23,0.245,0.245,0.23,0.23,361700,0.23
2016-05-24,0.235,0.235,0.215,0.22,727300,0.22
2016-05-25,0.24,0.25,0.24,0.25,260900,0.25
2016-05-26,0.25,0.255,0.24,0.255,136900,0.255
2016-05-27,0.265,0.34,0.265,0.33,1655300,0.33


2016-05-30,0.355,0.385,0.35,0.36,914800,0.36
2016-05-31,0.36,0.375,0.335,0.375,626000,0.375
2016-06-01,0.365,0.39,0.365,0.38,910800,0.38
2016-06-02,0.37,0.37,0.34,0.355,764700,0.355
2016-06-03,0.365,0.375,0.36,0.365,348600,0.365


2016-06-06,0.37,0.375,0.365,0.37,70600,0.37
2016-06-07,0.365,0.375,0.35,0.375,201100,0.375
2016-06-08,0.36,0.38,0.36,0.365,163800,0.365
2016-06-09,0.38,0.39,0.37,0.385,492500,0.385
2016-06-10,0.44,0.50,0.43,0.485,2472200,0.485


2016-06-13,0.485,0.485,0.485,0.485,000,0.485
2016-06-14,0.495,0.505,0.46,0.49,1221200,0.49
