Date,Open,High,Low,Close,Volume,Adj Close
2015-01-01,0.008,0.008,0.008,0.008,000,0.008
2015-01-02,0.008,0.008,0.008,0.008,000,0.008
2015-01-05,0.008,0.008,0.007,0.007,859500,0.007
2015-01-06,0.007,0.007,0.007,0.007,1012400,0.007
2015-01-07,0.007,0.007,0.007,0.007,100000,0.007
2015-01-08,0.007,0.007,0.007,0.007,000,0.007
2015-01-09,0.007,0.007,0.007,0.007,000,0.007
2015-01-12,0.007,0.007,0.007,0.007,000,0.007
2015-01-13,0.008,0.008,0.008,0.008,375200,0.008
2015-01-14,0.008,0.008,0.008,0.008,000,0.008
2015-01-15,0.008,0.008,0.008,0.008,70000,0.008
2015-01-16,0.008,0.008,0.008,0.008,000,0.008
2015-01-19,0.008,0.008,0.008,0.008,000,0.008
2015-01-20,0.008,0.008,0.008,0.008,000,0.008
2015-01-21,0.008,0.008,0.008,0.008,000,0.008
2015-01-22,0.007,0.007,0.006,0.006,237400,0.006
2015-01-23,0.006,0.006,0.006,0.006,000,0.006
2015-01-26,0.006,0.006,0.006,0.006,000,0.006
2015-01-27,0.007,0.007,0.006,0.006,1200700,0.006
2015-01-28,0.006,0.006,0.006,0.006,000,0.006
2015-01-29,0.006,0.006,0.006,0.006,153400,0.006
2015-01-30,0.006,0.006,0.005,0.005,5170400,0.005
2015-02-02,0.006,0.006,0.005,0.005,126900,0.005
2015-02-03,0.005,0.006,0.005,0.006,3681400,0.006
2015-02-04,0.005,0.008,0.005,0.008,4755300,0.008
2015-02-05,0.006,0.007,0.006,0.007,6480300,0.007
2015-02-06,0.007,0.007,0.007,0.007,000,0.007
2015-02-09,0.006,0.006,0.006,0.006,250000,0.006
2015-02-10,0.007,0.007,0.007,0.007,212400,0.007
2015-02-11,0.007,0.007,0.007,0.007,000,0.007
2015-02-12,0.007,0.007,0.007,0.007,000,0.007
2015-02-13,0.007,0.007,0.007,0.007,000,0.007
2015-02-16,0.007,0.007,0.007,0.007,1131000,0.007
2015-02-17,0.007,0.007,0.007,0.007,000,0.007
2015-02-18,0.007,0.007,0.007,0.007,676900,0.007
2015-02-19,0.007,0.007,0.007,0.007,000,0.007
2015-02-20,0.007,0.007,0.007,0.007,000,0.007
2015-02-23,0.007,0.007,0.007,0.007,265000,0.007
2015-02-24,0.007,0.007,0.006,0.006,1994200,0.006
2015-02-25,0.006,0.006,0.006,0.006,1296700,0.006
2015-02-26,0.006,0.006,0.006,0.006,000,0.006
2015-02-27,0.006,0.006,0.006,0.006,500000,0.006
2015-03-02,0.006,0.006,0.006,0.006,000,0.006
2015-03-03,0.006,0.006,0.006,0.006,000,0.006
2015-03-04,0.006,0.006,0.006,0.006,000,0.006
2015-03-05,0.006,0.006,0.006,0.006,000,0.006
2015-03-06,0.006,0.006,0.006,0.006,000,0.006
2015-03-09,0.006,0.006,0.006,0.006,000,0.006
2015-03-10,0.006,0.006,0.006,0.006,000,0.006
2015-03-11,0.006,0.006,0.006,0.006,000,0.006
2015-03-12,0.006,0.006,0.006,0.006,000,0.006
2015-03-13,0.006,0.006,0.006,0.006,000,0.006
2015-03-16,0.006,0.006,0.006,0.006,000,0.006
2015-03-17,0.006,0.006,0.006,0.006,000,0.006
2015-03-18,0.006,0.006,0.006,0.006,000,0.006
2015-03-19,0.006,0.006,0.006,0.006,000,0.006
2015-03-20,0.006,0.006,0.006,0.006,000,0.006
2015-03-23,0.006,0.006,0.006,0.006,000,0.006
2015-03-24,0.006,0.006,0.006,0.006,000,0.006
2015-03-25,0.006,0.006,0.006,0.006,000,0.006
2015-03-26,0.006,0.006,0.006,0.006,000,0.006
2015-03-27,0.006,0.006,0.006,0.006,000,0.006
2015-03-30,0.006,0.006,0.006,0.006,000,0.006
2015-03-31,0.006,0.006,0.006,0.006,000,0.006
2015-04-01,0.006,0.006,0.006,0.006,000,0.006
2015-04-02,0.006,0.006,0.006,0.006,000,0.006
2015-04-03,0.006,0.006,0.006,0.006,000,0.006
2015-04-06,0.006,0.006,0.006,0.006,000,0.006
2015-04-07,0.007,0.007,0.007,0.007,962400,0.007
2015-04-08,0.007,0.007,0.006,0.006,1582000,0.006
2015-04-09,0.006,0.006,0.006,0.006,000,0.006
2015-04-10,0.007,0.007,0.007,0.007,2256300,0.007
2015-04-13,0.006,0.007,0.006,0.007,1094200,0.007
2015-04-14,0.007,0.007,0.007,0.007,000,0.007
2015-04-15,0.007,0.007,0.007,0.007,000,0.007
2015-04-16,0.007,0.007,0.007,0.007,000,0.007
2015-04-17,0.007,0.007,0.007,0.007,475000,0.007
2015-04-20,0.007,0.007,0.007,0.007,000,0.007
2015-04-21,0.007,0.007,0.007,0.007,2000000,0.007
2015-04-22,0.006,0.006,0.006,0.006,340800,0.006
2015-04-23,0.006,0.006,0.006,0.006,000,0.006
2015-04-24,0.006,0.006,0.005,0.005,1855000,0.005
2015-04-27,0.006,0.007,0.006,0.006,4291100,0.006
2015-04-28,0.006,0.006,0.006,0.006,719800,0.006
2015-04-29,0.006,0.006,0.006,0.006,1764500,0.006
2015-04-30,0.006,0.006,0.006,0.006,000,0.006
2015-05-01,0.006,0.006,0.006,0.006,1338900,0.006
2015-05-04,0.005,0.005,0.005,0.005,500000,0.005
2015-05-05,0.006,0.006,0.006,0.006,991200,0.006
2015-05-06,0.005,0.005,0.005,0.005,667000,0.005
2015-05-07,0.005,0.005,0.005,0.005,000,0.005
2015-05-08,0.006,0.007,0.006,0.007,444400,0.007
2015-05-11,0.006,0.007,0.005,0.005,1180000,0.005
2015-05-12,0.006,0.006,0.006,0.006,350000,0.006
2015-05-13,0.006,0.006,0.006,0.006,000,0.006
2015-05-14,0.006,0.006,0.006,0.006,000,0.006
2015-05-15,0.006,0.007,0.006,0.007,1524500,0.007
2015-05-18,0.007,0.007,0.007,0.007,4355500,0.007
2015-05-19,0.007,0.007,0.007,0.007,000,0.007
2015-05-20,0.007,0.007,0.007,0.007,638900,0.007
2015-05-21,0.007,0.007,0.007,0.007,500000,0.007
2015-05-22,0.006,0.006,0.006,0.006,431000,0.006
2015-05-25,0.007,0.007,0.007,0.007,230800,0.007
2015-05-26,0.007,0.007,0.007,0.007,000,0.007
2015-05-27,0.006,0.006,0.006,0.006,313100,0.006
2015-05-28,0.006,0.006,0.006,0.006,000,0.006
2015-05-29,0.006,0.006,0.006,0.006,1435800,0.006
2015-06-01,0.005,0.005,0.004,0.004,3745900,0.004
2015-06-02,0.005,0.005,0.005,0.005,1955800,0.005
2015-06-03,0.005,0.005,0.005,0.005,25600,0.005
2015-06-04,0.005,0.005,0.005,0.005,64100,0.005
2015-06-05,0.005,0.005,0.005,0.005,485800,0.005
2015-06-08,0.005,0.005,0.005,0.005,000,0.005
2015-06-09,0.005,0.006,0.004,0.004,1472500,0.004
2015-06-10,0.005,0.005,0.005,0.005,179400,0.005
2015-06-11,0.005,0.005,0.004,0.004,1342700,0.004
2015-06-12,0.005,0.006,0.005,0.006,706700,0.006
2015-06-15,0.006,0.006,0.006,0.006,000,0.006
2015-06-16,0.006,0.006,0.006,0.006,000,0.006
2015-06-17,0.006,0.006,0.006,0.006,000,0.006
2015-06-18,0.006,0.006,0.006,0.006,000,0.006
2015-06-19,0.006,0.006,0.006,0.006,1000000,0.006
2015-06-22,0.006,0.008,0.006,0.006,8631400,0.006
2015-06-23,0.006,0.008,0.006,0.008,5165800,0.008
2015-06-24,0.008,0.009,0.008,0.009,500000,0.009
2015-06-25,0.009,0.009,0.008,0.008,305200,0.008
2015-06-26,0.008,0.008,0.008,0.008,1552600,0.008
2015-06-29,0.008,0.008,0.008,0.008,500000,0.008
2015-06-30,0.008,0.008,0.008,0.008,000,0.008
2015-07-01,0.008,0.008,0.008,0.008,000,0.008
2015-07-02,0.007,0.007,0.007,0.007,20800,0.007
2015-07-03,0.009,0.009,0.009,0.009,300000,0.009
2015-07-06,0.007,0.007,0.007,0.007,200000,0.007
2015-07-07,0.007,0.007,0.007,0.007,000,0.007
2015-07-08,0.007,0.007,0.007,0.007,2490000,0.007
2015-07-09,0.007,0.007,0.007,0.007,000,0.007
2015-07-10,0.007,0.007,0.006,0.006,736800,0.006
2015-07-13,0.006,0.006,0.006,0.006,000,0.006
2015-07-14,0.007,0.008,0.007,0.008,1561700,0.008
2015-07-15,0.008,0.008,0.008,0.008,838200,0.008
2015-07-16,0.008,0.008,0.008,0.008,000,0.008
2015-07-17,0.008,0.008,0.008,0.008,000,0.008
2015-07-20,0.008,0.008,0.008,0.008,000,0.008
2015-07-21,0.008,0.008,0.008,0.008,000,0.008
2015-07-22,0.008,0.008,0.007,0.007,191600,0.007
2015-07-23,0.007,0.007,0.007,0.007,000,0.007
2015-07-24,0.007,0.007,0.007,0.007,200000,0.007
2015-07-27,0.006,0.007,0.006,0.007,4306100,0.007
2015-07-28,0.007,0.007,0.007,0.007,2400400,0.007
2015-07-29,0.007,0.007,0.007,0.007,000,0.007
2015-07-30,0.006,0.006,0.006,0.006,346300,0.006
2015-07-31,0.006,0.006,0.006,0.006,000,0.006
2015-08-03,0.006,0.006,0.006,0.006,000,0.006
2015-08-04,0.006,0.006,0.006,0.006,000,0.006
2015-08-05,0.005,0.005,0.005,0.005,50000,0.005
2015-08-06,0.005,0.005,0.005,0.005,000,0.005
2015-08-07,0.006,0.006,0.006,0.006,973600,0.006
2015-08-10,0.006,0.006,0.006,0.006,000,0.006
2015-08-11,0.006,0.007,0.006,0.007,400000,0.007
2015-08-12,0.007,0.007,0.007,0.007,000,0.007
2015-08-13,0.007,0.008,0.007,0.008,625000,0.008
2015-08-14,0.008,0.008,0.008,0.008,000,0.008
2015-08-17,0.007,0.007,0.007,0.007,300000,0.007
2015-08-18,0.008,0.008,0.007,0.007,4482500,0.007
2015-08-19,0.007,0.008,0.007,0.008,3564600,0.008
2015-08-20,0.008,0.009,0.008,0.008,2737600,0.008
2015-08-21,0.008,0.008,0.008,0.008,000,0.008
2015-08-24,0.008,0.008,0.007,0.007,200000,0.007
2015-08-25,0.007,0.007,0.007,0.007,139000,0.007
2015-08-26,0.007,0.007,0.007,0.007,000,0.007
2015-08-27,0.007,0.007,0.007,0.007,000,0.007
2015-08-28,0.007,0.007,0.007,0.007,000,0.007
2015-08-31,0.007,0.007,0.007,0.007,000,0.007
2015-09-01,0.008,0.008,0.008,0.008,649000,0.008
2015-09-02,0.008,0.008,0.008,0.008,350000,0.008
2015-09-03,0.008,0.009,0.008,0.009,1102800,0.009
2015-09-04,0.009,0.009,0.008,0.009,575100,0.009
2015-09-07,0.008,0.008,0.008,0.008,200000,0.008
2015-09-08,0.008,0.008,0.008,0.008,1939800,0.008
2015-09-09,0.007,0.007,0.007,0.007,4757500,0.007
2015-09-10,0.007,0.007,0.007,0.007,000,0.007
2015-09-11,0.006,0.006,0.006,0.006,4220100,0.006
2015-09-14,0.006,0.006,0.006,0.006,1639600,0.006
2015-09-15,0.005,0.005,0.005,0.005,1825700,0.005
2015-09-16,0.006,0.006,0.006,0.006,2110700,0.006
2015-09-17,0.006,0.006,0.006,0.006,787600,0.006
2015-09-18,0.005,0.005,0.005,0.005,512300,0.005
2015-09-21,0.005,0.005,0.005,0.005,000,0.005
2015-09-22,0.005,0.005,0.005,0.005,000,0.005
2015-09-23,0.006,0.006,0.006,0.006,200000,0.006
2015-09-24,0.006,0.006,0.006,0.006,117500,0.006
2015-09-25,0.007,0.008,0.007,0.008,3553600,0.008
2015-09-28,0.008,0.008,0.007,0.007,550000,0.007
2015-09-29,0.007,0.008,0.007,0.008,3390500,0.008
2015-09-30,0.007,0.008,0.007,0.008,3986200,0.008
2015-10-01,0.008,0.008,0.008,0.008,000,0.008
2015-10-02,0.008,0.008,0.008,0.008,000,0.008
2015-10-05,0.008,0.008,0.008,0.008,000,0.008
2015-10-06,0.008,0.008,0.008,0.008,000,0.008
2015-10-07,0.008,0.008,0.008,0.008,000,0.008
2015-10-08,0.008,0.008,0.008,0.008,000,0.008
2015-10-09,0.008,0.008,0.008,0.008,000,0.008
2015-10-12,0.008,0.008,0.008,0.008,000,0.008
2015-10-13,0.008,0.008,0.008,0.008,000,0.008
2015-10-14,0.008,0.008,0.008,0.008,000,0.008
2015-10-15,0.008,0.008,0.008,0.008,000,0.008
2015-10-16,0.008,0.008,0.008,0.008,000,0.008
2015-10-19,0.008,0.008,0.008,0.008,000,0.008
2015-10-20,0.008,0.008,0.008,0.008,000,0.008
2015-10-21,0.008,0.008,0.008,0.008,000,0.008
2015-10-22,0.008,0.008,0.008,0.008,000,0.008
2015-10-23,0.008,0.008,0.008,0.008,000,0.008
2015-10-26,0.008,0.008,0.008,0.008,000,0.008
2015-10-27,0.008,0.008,0.008,0.008,000,0.008
2015-10-28,0.008,0.008,0.008,0.008,000,0.008
2015-10-29,0.008,0.008,0.008,0.008,000,0.008
2015-10-30,0.008,0.008,0.008,0.008,000,0.008
2015-11-02,0.008,0.008,0.008,0.008,000,0.008
2015-11-03,0.008,0.008,0.008,0.008,000,0.008
2015-11-04,0.008,0.008,0.008,0.008,000,0.008
2015-11-05,0.008,0.008,0.008,0.008,000,0.008
2015-11-06,0.008,0.008,0.008,0.008,000,0.008
2015-11-09,0.008,0.008,0.008,0.008,000,0.008
2015-11-10,0.008,0.008,0.008,0.008,000,0.008
2015-11-11,0.008,0.008,0.008,0.008,000,0.008
2015-11-12,0.008,0.008,0.008,0.008,000,0.008
2015-11-13,0.008,0.008,0.008,0.008,000,0.008
2015-11-16,0.008,0.008,0.008,0.008,000,0.008
2015-11-17,0.008,0.008,0.008,0.008,000,0.008
2015-11-18,0.008,0.008,0.008,0.008,000,0.008
2015-11-19,0.008,0.008,0.008,0.008,000,0.008
2015-11-20,0.008,0.008,0.008,0.008,000,0.008
2015-11-23,0.008,0.008,0.008,0.008,000,0.008
2015-11-24,0.008,0.008,0.008,0.008,000,0.008
2015-11-25,0.008,0.008,0.008,0.008,000,0.008
2015-11-26,0.008,0.008,0.008,0.008,000,0.008
2015-11-27,0.008,0.008,0.008,0.008,000,0.008
2015-11-30,0.008,0.008,0.008,0.008,000,0.008
2015-12-01,0.008,0.008,0.008,0.008,000,0.008
2015-12-02,0.008,0.008,0.008,0.008,000,0.008
2015-12-03,0.008,0.008,0.008,0.008,000,0.008
2015-12-04,0.008,0.008,0.008,0.008,000,0.008
2015-12-07,0.008,0.008,0.008,0.008,000,0.008
2015-12-08,0.008,0.008,0.008,0.008,000,0.008
2015-12-09,0.008,0.008,0.008,0.008,000,0.008
2015-12-10,0.008,0.008,0.008,0.008,000,0.008
2015-12-11,0.008,0.008,0.008,0.008,000,0.008
2015-12-14,0.008,0.008,0.008,0.008,000,0.008
2015-12-15,0.008,0.008,0.008,0.008,000,0.008
2015-12-16,0.008,0.008,0.008,0.008,000,0.008
2015-12-17,0.008,0.008,0.008,0.008,000,0.008
2015-12-18,0.008,0.008,0.008,0.008,000,0.008
2015-12-21,0.008,0.008,0.008,0.008,000,0.008
2015-12-22,0.008,0.008,0.008,0.008,000,0.008
2015-12-23,0.008,0.008,0.008,0.008,000,0.008
2015-12-24,0.008,0.008,0.008,0.008,000,0.008
2015-12-25,0.008,0.008,0.008,0.008,000,0.008
2015-12-28,0.008,0.008,0.008,0.008,000,0.008
2015-12-29,0.008,0.008,0.008,0.008,000,0.008
2015-12-30,0.008,0.008,0.008,0.008,000,0.008
2015-12-31,0.008,0.008,0.008,0.008,000,0.008
2016-01-01,0.008,0.008,0.008,0.008,000,0.008
2016-01-04,0.008,0.008,0.008,0.008,000,0.008
2016-01-05,0.008,0.008,0.008,0.008,000,0.008
2016-01-06,0.008,0.008,0.008,0.008,000,0.008
2016-01-07,0.008,0.008,0.008,0.008,000,0.008
2016-01-08,0.008,0.008,0.008,0.008,000,0.008
2016-01-11,0.008,0.008,0.008,0.008,000,0.008
2016-01-12,0.008,0.008,0.008,0.008,000,0.008
2016-01-13,0.008,0.008,0.008,0.008,000,0.008
2016-01-14,0.008,0.008,0.008,0.008,000,0.008
2016-01-15,0.008,0.008,0.008,0.008,000,0.008
2016-01-18,0.008,0.008,0.008,0.008,000,0.008
2016-01-19,0.008,0.008,0.008,0.008,000,0.008
2016-01-20,0.008,0.008,0.008,0.008,000,0.008
2016-01-21,0.008,0.008,0.008,0.008,000,0.008
2016-01-22,0.008,0.008,0.008,0.008,000,0.008
2016-01-25,0.008,0.008,0.008,0.008,000,0.008
2016-01-26,0.008,0.008,0.008,0.008,000,0.008
2016-01-27,0.008,0.008,0.008,0.008,000,0.008
2016-01-28,0.008,0.008,0.008,0.008,000,0.008
2016-01-29,0.008,0.008,0.008,0.008,000,0.008
2016-02-01,0.008,0.008,0.008,0.008,000,0.008
2016-02-02,0.008,0.008,0.008,0.008,000,0.008
2016-02-03,0.008,0.008,0.008,0.008,000,0.008
2016-02-04,0.008,0.008,0.008,0.008,000,0.008
2016-02-05,0.008,0.008,0.008,0.008,000,0.008
2016-02-08,0.008,0.008,0.008,0.008,000,0.008
2016-02-09,0.008,0.008,0.008,0.008,000,0.008
2016-02-10,0.008,0.008,0.008,0.008,000,0.008
2016-02-11,0.008,0.008,0.008,0.008,000,0.008
2016-02-12,0.008,0.008,0.008,0.008,000,0.008
2016-02-15,0.008,0.008,0.008,0.008,000,0.008
2016-02-16,0.008,0.008,0.008,0.008,000,0.008
2016-02-17,0.008,0.008,0.008,0.008,000,0.008
2016-02-18,0.008,0.008,0.008,0.008,000,0.008
2016-02-19,0.008,0.008,0.008,0.008,000,0.008
2016-02-22,0.008,0.008,0.008,0.008,000,0.008
2016-02-23,0.008,0.008,0.008,0.008,000,0.008
2016-02-24,0.008,0.008,0.008,0.008,000,0.008
2016-02-25,0.008,0.008,0.008,0.008,000,0.008
2016-02-26,0.008,0.008,0.008,0.008,000,0.008
2016-02-29,0.008,0.008,0.008,0.008,000,0.008
2016-03-01,0.008,0.008,0.008,0.008,000,0.008
2016-03-02,0.008,0.008,0.008,0.008,000,0.008
2016-03-03,0.008,0.008,0.008,0.008,000,0.008
2016-03-04,0.008,0.008,0.008,0.008,000,0.008
2016-03-07,0.008,0.008,0.008,0.008,000,0.008
2016-03-08,0.008,0.008,0.008,0.008,000,0.008
2016-03-09,0.008,0.008,0.008,0.008,000,0.008
2016-03-10,0.008,0.008,0.008,0.008,000,0.008
2016-03-11,0.008,0.008,0.008,0.008,000,0.008
2016-03-14,0.008,0.008,0.008,0.008,000,0.008
2016-03-15,0.008,0.008,0.008,0.008,000,0.008
2016-03-16,0.008,0.008,0.008,0.008,000,0.008
2016-03-17,0.008,0.008,0.008,0.008,000,0.008
2016-03-18,0.008,0.008,0.008,0.008,000,0.008
2016-03-21,0.008,0.008,0.008,0.008,000,0.008
2016-03-22,0.008,0.008,0.008,0.008,000,0.008
2016-03-23,0.008,0.008,0.008,0.008,000,0.008
2016-03-24,0.008,0.008,0.008,0.008,000,0.008
2016-03-25,0.008,0.008,0.008,0.008,000,0.008
2016-03-28,0.008,0.008,0.008,0.008,000,0.008
2016-03-29,0.008,0.008,0.008,0.008,000,0.008
2016-03-30,0.008,0.008,0.008,0.008,000,0.008
2016-03-31,0.008,0.008,0.008,0.008,000,0.008
2016-04-01,0.008,0.008,0.008,0.008,000,0.008
2016-04-04,0.008,0.008,0.008,0.008,000,0.008
2016-04-05,0.008,0.008,0.008,0.008,000,0.008
2016-04-06,0.008,0.008,0.008,0.008,000,0.008
2016-04-07,0.008,0.008,0.008,0.008,000,0.008
2016-04-08,0.008,0.008,0.008,0.008,000,0.008
2016-04-22,0.01,0.011,0.008,0.01,10857500,0.01


2016-04-25,0.01,0.01,0.01,0.01,000,0.01
2016-04-26,0.01,0.01,0.008,0.008,939000,0.008
2016-04-27,0.008,0.009,0.008,0.009,2200000,0.009
2016-04-28,0.009,0.009,0.009,0.009,000,0.009
2016-04-29,0.008,0.008,0.007,0.007,1030000,0.007


2016-05-02,0.007,0.007,0.006,0.007,2393200,0.007
2016-05-03,0.007,0.007,0.007,0.007,000,0.007
2016-05-04,0.007,0.007,0.007,0.007,553000,0.007
2016-05-05,0.007,0.007,0.007,0.007,000,0.007
2016-05-06,0.006,0.006,0.006,0.006,542700,0.006


2016-05-09,0.007,0.007,0.007,0.007,305000,0.007
2016-05-10,0.006,0.008,0.006,0.008,202800,0.008
2016-05-11,0.008,0.008,0.008,0.008,000,0.008
2016-05-12,0.007,0.007,0.007,0.007,7000000,0.007
2016-05-13,0.007,0.007,0.007,0.007,000,0.007


2016-05-16,0.007,0.008,0.007,0.008,200000,0.008
2016-05-17,0.008,0.008,0.008,0.008,100000,0.008
2016-05-18,0.008,0.008,0.008,0.008,1180000,0.008
2016-05-19,0.008,0.008,0.008,0.008,000,0.008
2016-05-20,0.008,0.008,0.008,0.008,1700000,0.008


2016-05-23,0.007,0.007,0.007,0.007,3971500,0.007
2016-05-24,0.007,0.007,0.007,0.007,000,0.007
2016-05-25,0.007,0.007,0.007,0.007,000,0.007
2016-05-26,0.007,0.007,0.007,0.007,000,0.007
2016-05-27,0.006,0.006,0.006,0.006,8335600,0.006


2016-05-30,0.006,0.006,0.006,0.006,000,0.006
2016-05-31,0.007,0.008,0.005,0.005,2697900,0.005
2016-06-01,0.006,0.006,0.005,0.006,385900,0.006
2016-06-02,0.006,0.006,0.006,0.006,300000,0.006
2016-06-03,0.006,0.007,0.006,0.007,1466400,0.007


2016-06-06,0.006,0.006,0.006,0.006,50000,0.006
2016-06-07,0.007,0.007,0.007,0.007,805400,0.007
2016-06-08,0.007,0.007,0.007,0.007,500000,0.007
2016-06-09,0.007,0.008,0.007,0.008,3484400,0.008
2016-06-10,0.007,0.007,0.007,0.007,194400,0.007


2016-06-13,0.007,0.007,0.007,0.007,000,0.007
2016-06-14,0.007,0.007,0.007,0.007,300000,0.007
