Date,Open,High,Low,Close,Volume,Adj Close
2015-01-01,3.114,3.114,3.114,3.114,000,2.896
2015-01-02,3.105,3.114,3.071,3.097,96000,2.88
2015-01-05,3.071,3.08,3.02,3.054,256200,2.841
2015-01-06,2.994,3.003,2.917,2.943,656300,2.737
2015-01-07,2.917,2.934,2.866,2.909,458700,2.705
2015-01-08,2.926,2.926,2.789,2.815,1243800,2.618
2015-01-09,2.849,2.883,2.823,2.857,1462200,2.658
2015-01-12,2.849,2.917,2.832,2.857,772500,2.658
2015-01-13,2.84,2.934,2.823,2.90,809700,2.697
2015-01-14,2.917,2.926,2.832,2.874,1344800,2.673
2015-01-15,2.883,2.934,2.866,2.909,2453200,2.705
2015-01-16,2.866,2.917,2.866,2.90,2853500,2.697
2015-01-19,2.951,2.96,2.849,2.857,1046200,2.658
2015-01-20,2.866,2.892,2.84,2.857,1160600,2.658
2015-01-21,2.866,2.934,2.866,2.934,1068200,2.729
2015-01-22,2.943,3.011,2.90,2.917,1237000,2.713
2015-01-23,2.926,2.934,2.84,2.909,1699200,2.705
2015-01-26,2.909,2.909,2.909,2.909,000,2.705
2015-01-27,2.917,2.96,2.90,2.909,1048200,2.705
2015-01-28,2.917,2.917,2.883,2.909,2215500,2.705
2015-01-29,2.90,2.986,2.90,2.969,1873800,2.761
2015-01-30,2.986,3.071,2.986,3.028,1809400,2.817
2015-02-02,3.003,3.028,2.969,3.003,1855500,2.793
2015-02-03,3.011,3.08,3.011,3.046,2486300,2.833
2015-02-04,3.148,3.212,3.105,3.191,1813900,2.968
2015-02-05,3.174,3.294,3.114,3.294,3047600,3.063
2015-02-06,3.345,3.388,3.285,3.354,1857900,3.119
2015-02-09,3.345,3.405,3.294,3.405,1134300,3.167
2015-02-10,3.388,3.431,3.354,3.371,1628100,3.135
2015-02-11,3.636,3.679,3.525,3.585,3140600,3.334
2015-02-12,3.636,3.717,3.576,3.662,4320300,3.405
2015-02-13,3.739,3.747,3.687,3.696,1478500,3.437
2015-02-16,3.73,3.739,3.662,3.696,1394300,3.437
2015-02-17,3.713,3.739,3.679,3.679,1800500,3.421
2015-02-18,2.738,2.909,2.738,2.84,18518000,2.877
2015-02-19,2.883,2.909,2.823,2.84,7903800,2.877
2015-02-20,2.849,2.857,2.823,2.849,3954100,2.885
2015-02-23,2.866,2.883,2.823,2.823,11967700,2.859
2015-02-24,2.823,2.823,2.772,2.789,3247500,2.825
2015-02-25,2.806,2.832,2.789,2.832,2631000,2.868
2015-02-26,2.797,2.849,2.763,2.823,2920300,2.859
2015-02-27,2.823,2.857,2.797,2.84,3727700,2.877
2015-03-02,2.84,2.866,2.772,2.806,16639000,2.842
2015-03-03,2.806,2.857,2.746,2.849,1847400,2.885
2015-03-04,2.823,2.866,2.789,2.797,1785900,2.833
2015-03-05,2.789,2.789,2.746,2.78,1547500,2.816
2015-03-06,2.789,2.84,2.78,2.823,1282200,2.859
2015-03-09,2.797,2.823,2.772,2.806,966400,2.842
2015-03-10,2.815,2.823,2.78,2.78,655900,2.816
2015-03-11,2.746,2.763,2.703,2.738,931700,2.773
2015-03-12,2.738,2.832,2.738,2.815,3236000,2.851
2015-03-13,2.823,2.857,2.806,2.849,1392000,2.885
2015-03-16,2.832,2.849,2.806,2.823,1197600,2.859
2015-03-17,2.815,2.849,2.789,2.823,944400,2.859
2015-03-18,2.815,2.832,2.772,2.823,1162600,2.859
2015-03-19,2.797,2.857,2.797,2.823,1175400,2.859
2015-03-20,2.815,2.823,2.772,2.815,3401500,2.851
2015-03-23,2.78,2.81,2.772,2.78,1495600,2.816
2015-03-24,2.789,2.84,2.78,2.823,949800,2.859
2015-03-25,2.84,2.90,2.832,2.892,2094700,2.929
2015-03-26,2.832,2.857,2.815,2.823,1368000,2.859
2015-03-27,2.797,2.823,2.772,2.806,887100,2.842
2015-03-30,2.789,2.797,2.78,2.789,1606100,2.825
2015-03-31,2.789,2.84,2.789,2.823,708200,2.859
2015-04-01,2.789,2.806,2.785,2.789,1039300,2.825
2015-04-02,2.789,2.806,2.78,2.797,533900,2.833
2015-04-03,2.797,2.797,2.797,2.797,000,2.833
2015-04-06,2.797,2.797,2.797,2.797,000,2.833
2015-04-07,2.797,2.823,2.78,2.797,845900,2.833
2015-04-08,2.797,2.823,2.78,2.823,983200,2.859
2015-04-09,2.823,2.874,2.823,2.857,977000,2.894
2015-04-10,2.874,2.892,2.84,2.874,1198000,2.911
2015-04-13,2.883,2.917,2.883,2.90,555100,2.937
2015-04-14,2.892,2.943,2.874,2.926,956100,2.963
2015-04-15,2.926,2.951,2.909,2.943,1097100,2.981
2015-04-16,2.951,2.951,2.909,2.934,7789900,2.972
2015-04-17,2.909,2.96,2.904,2.909,673300,2.946
2015-04-20,2.892,2.892,2.84,2.874,854900,2.911
2015-04-21,2.883,2.90,2.87,2.883,417700,2.92
2015-04-22,2.883,2.926,2.857,2.874,926400,2.911
2015-04-23,2.874,2.879,2.849,2.866,518900,2.903
2015-04-24,2.883,2.904,2.857,2.874,3716500,2.911
2015-04-27,2.892,2.977,2.883,2.969,1165400,3.007
2015-04-28,2.969,2.977,2.917,2.951,1164600,2.989
2015-04-29,2.874,2.874,2.806,2.823,6730400,2.859
2015-04-30,2.797,2.926,2.797,2.874,1141000,2.911
2015-05-01,2.832,2.917,2.823,2.90,837300,2.937
2015-05-04,2.90,2.934,2.849,2.883,982000,2.92
2015-05-05,2.934,2.934,2.806,2.815,2382800,2.851
2015-05-06,2.815,2.84,2.738,2.738,655600,2.773
2015-05-07,2.695,2.703,2.618,2.643,1072700,2.677
2015-05-08,2.669,2.806,2.669,2.703,20238900,2.738
2015-05-11,2.738,2.789,2.656,2.686,401400,2.721
2015-05-12,2.652,2.772,2.652,2.746,110201000,2.781
2015-05-13,2.695,2.746,2.695,2.729,2160100,2.764
2015-05-14,2.72,2.746,2.712,2.72,2252400,2.755
2015-05-15,2.746,2.755,2.695,2.712,14167300,2.747
2015-05-18,2.703,2.738,2.669,2.669,3769900,2.703
2015-05-19,2.712,2.72,2.669,2.669,1878200,2.703
2015-05-20,2.669,2.695,2.652,2.661,8487600,2.695
2015-05-21,2.695,2.695,2.661,2.669,1368700,2.703
2015-05-22,2.669,2.686,2.643,2.643,2297100,2.677
2015-05-25,2.652,2.669,2.635,2.652,2126900,2.686
2015-05-26,2.661,2.665,2.635,2.661,1069200,2.695
2015-05-27,2.652,2.669,2.626,2.652,7515700,2.686
2015-05-28,2.652,2.661,2.626,2.643,799300,2.677
2015-05-29,2.635,2.712,2.626,2.712,2536200,2.747
2015-06-01,2.703,2.712,2.652,2.678,1183000,2.712
2015-06-02,2.686,2.686,2.635,2.661,763100,2.695
2015-06-03,2.643,2.652,2.626,2.635,1536800,2.669
2015-06-04,2.635,2.652,2.601,2.618,1378400,2.651
2015-06-05,2.703,2.712,2.669,2.686,3503300,2.721
2015-06-08,2.686,2.686,2.686,2.686,000,2.721
2015-06-09,2.669,2.703,2.669,2.686,1027900,2.721
2015-06-10,2.686,2.695,2.635,2.695,892400,2.729
2015-06-11,2.712,2.793,2.712,2.78,2206300,2.816
2015-06-12,2.763,2.789,2.738,2.78,1990000,2.816
2015-06-15,2.746,2.789,2.716,2.772,895900,2.807
2015-06-16,2.78,2.797,2.755,2.772,586600,2.807
2015-06-17,2.772,2.797,2.763,2.789,672100,2.825
2015-06-18,2.78,2.789,2.72,2.738,1779900,2.773
2015-06-19,2.738,2.84,2.738,2.832,3210500,2.868
2015-06-22,2.823,2.84,2.772,2.823,546300,2.859
2015-06-23,2.78,2.857,2.78,2.815,1146900,2.851
2015-06-24,2.815,2.823,2.789,2.797,796100,2.833
2015-06-25,2.789,2.789,2.755,2.755,996800,2.79
2015-06-26,2.738,2.738,2.656,2.695,986000,2.729
2015-06-29,2.635,2.678,2.618,2.661,1005400,2.695
2015-06-30,2.626,2.686,2.626,2.686,1376100,2.721
2015-07-01,2.669,2.738,2.669,2.729,686700,2.764
2015-07-02,2.72,2.797,2.712,2.78,1614100,2.816
2015-07-03,2.763,2.772,2.72,2.755,1031600,2.79
2015-07-06,2.738,2.738,2.686,2.703,537900,2.738
2015-07-07,2.72,2.772,2.712,2.746,673900,2.781
2015-07-08,2.72,2.746,2.678,2.678,1571900,2.712
2015-07-09,2.661,2.72,2.652,2.695,860500,2.729
2015-07-10,2.72,2.746,2.712,2.729,855400,2.764
2015-07-13,2.72,2.772,2.695,2.738,522200,2.773
2015-07-14,2.78,2.815,2.746,2.789,1326400,2.825
2015-07-15,2.806,2.832,2.78,2.797,1127600,2.833
2015-07-16,2.857,2.874,2.806,2.823,1365800,2.859
2015-07-17,2.823,2.909,2.819,2.866,3209600,2.903
2015-07-20,2.874,2.879,2.815,2.823,1454200,2.859
2015-07-21,2.84,2.892,2.823,2.883,3382300,2.92
2015-07-22,2.90,2.917,2.874,2.892,2434800,2.929
2015-07-23,2.883,2.909,2.866,2.909,1505400,2.946
2015-07-24,2.892,2.951,2.883,2.90,2486500,2.937
2015-07-27,2.909,2.994,2.90,2.994,1590100,3.033
2015-07-28,2.96,3.054,2.96,3.054,2299700,3.093
2015-07-29,3.114,3.131,2.969,2.986,2500900,3.024
2015-07-30,3.011,3.114,2.999,3.088,2029900,3.128
2015-07-31,3.114,3.114,3.063,3.063,3785200,3.102
2015-08-03,3.097,3.14,3.071,3.088,909900,3.128
2015-08-04,3.08,3.118,3.003,3.003,2026400,3.041
2015-08-05,3.14,3.20,2.994,3.003,7137100,3.041
2015-08-06,2.857,2.857,2.584,2.695,8339500,2.729
2015-08-07,2.626,2.695,2.626,2.678,1975400,2.712
2015-08-10,2.695,2.746,2.678,2.703,2809500,2.738
2015-08-11,2.729,2.75,2.703,2.712,3906700,2.747
2015-08-12,2.72,2.776,2.712,2.772,2990200,2.807
2015-08-13,2.78,2.815,2.755,2.797,1726700,2.833
2015-08-14,2.806,2.823,2.789,2.797,1481600,2.833
2015-08-17,2.866,2.874,2.815,2.823,1940800,2.859
2015-08-18,2.857,2.857,2.746,2.755,3752100,2.79
2015-08-19,2.421,2.472,2.413,2.455,4067400,2.633
2015-08-20,2.413,2.447,2.353,2.37,5217400,2.541
2015-08-21,2.353,2.387,2.259,2.293,3451800,2.459
2015-08-24,2.233,2.259,2.203,2.207,16645900,2.367
2015-08-25,2.139,2.267,2.139,2.25,2025600,2.413
2015-08-26,2.207,2.25,2.147,2.241,1469800,2.403
2015-08-27,2.267,2.31,2.25,2.276,3925100,2.44
2015-08-28,2.284,2.336,2.276,2.327,1470000,2.495
2015-08-31,2.31,2.336,2.267,2.293,3200700,2.459
2015-09-01,2.267,2.284,2.164,2.173,2904600,2.33
2015-09-02,2.105,2.134,2.087,2.096,2602400,2.248
2015-09-03,2.13,2.147,2.087,2.105,967100,2.257
2015-09-04,2.096,2.13,2.07,2.105,1820000,2.257
2015-09-07,2.105,2.122,2.053,2.087,729700,2.238
2015-09-08,2.105,2.156,2.096,2.147,569500,2.303
2015-09-09,2.164,2.19,2.13,2.147,1294800,2.303
2015-09-10,2.07,2.139,2.062,2.105,1390100,2.257
2015-09-11,2.105,2.122,2.087,2.096,1275600,2.248
2015-09-14,2.13,2.13,2.062,2.07,1286200,2.22
2015-09-15,2.096,2.139,2.079,2.087,2044200,2.238
2015-09-16,2.139,2.164,2.079,2.122,2319300,2.275
2015-09-17,2.13,2.199,2.13,2.13,2255100,2.284
2015-09-18,2.139,2.19,2.096,2.19,1985900,2.348
2015-09-21,2.13,2.13,2.07,2.087,1576900,2.238
2015-09-22,2.13,2.139,2.062,2.062,1795400,2.211
2015-09-23,2.053,2.07,1.972,1.985,2920400,2.128
2015-09-24,1.993,2.053,1.993,2.028,1726100,2.174
2015-09-25,2.036,2.053,1.989,2.01,742200,2.156
2015-09-28,2.002,2.053,1.985,2.045,518700,2.192
2015-09-29,2.01,2.01,1.891,1.891,1821300,2.027
2015-09-30,1.899,1.989,1.891,1.968,2745700,2.11
2015-10-01,1.976,2.01,1.959,1.968,1880800,2.11
2015-10-02,1.951,2.019,1.908,2.01,2041500,2.156
2015-10-05,2.01,2.045,2.01,2.036,646200,2.183
2015-10-06,2.053,2.105,2.036,2.096,1358900,2.248
2015-10-07,2.105,2.113,2.045,2.062,1210800,2.211
2015-10-08,2.113,2.147,2.083,2.096,801500,2.248
2015-10-09,2.13,2.147,2.113,2.122,631600,2.275
2015-10-12,2.156,2.199,2.139,2.19,2119200,2.348
2015-10-13,2.199,2.267,2.199,2.216,1262900,2.376
2015-10-14,2.224,2.241,2.147,2.147,1408400,2.303
2015-10-15,2.207,2.233,2.13,2.216,1355200,2.376
2015-10-16,2.259,2.336,2.224,2.293,3182400,2.459
2015-10-19,2.31,2.31,2.224,2.233,872000,2.394
2015-10-20,2.233,2.276,2.216,2.224,890500,2.385
2015-10-21,2.224,2.276,2.199,2.276,897600,2.44
2015-10-22,2.25,2.259,2.216,2.224,907300,2.385
2015-10-23,2.276,2.301,2.259,2.293,1216000,2.459
2015-10-26,2.293,2.327,2.284,2.31,1161700,2.477
2015-10-27,2.318,2.344,2.31,2.327,1246700,2.495
2015-10-28,2.327,2.34,2.276,2.301,1441500,2.468
2015-10-29,2.336,2.361,2.254,2.267,1858400,2.431
2015-10-30,2.267,2.348,2.241,2.31,1653200,2.477
2015-11-02,2.353,2.37,2.318,2.353,1686900,2.523
2015-11-03,2.37,2.472,2.37,2.438,2081900,2.614
2015-11-04,2.447,2.472,2.413,2.413,1715600,2.587
2015-11-05,2.421,2.442,2.413,2.438,1607400,2.614
2015-11-06,2.438,2.447,2.413,2.43,1121600,2.605
2015-11-09,2.413,2.447,2.395,2.404,1060200,2.578
2015-11-10,2.395,2.438,2.37,2.413,1215700,2.587
2015-11-11,2.413,2.438,2.395,2.438,564700,2.614
2015-11-12,2.421,2.455,2.421,2.447,532400,2.624
2015-11-13,2.413,2.421,2.37,2.421,851500,2.596
2015-11-16,2.361,2.421,2.361,2.404,535800,2.578
2015-11-17,2.438,2.447,2.37,2.395,4235000,2.569
2015-11-18,2.387,2.413,2.365,2.378,5215900,2.55
2015-11-19,2.387,2.464,2.378,2.455,6318500,2.633
2015-11-20,2.455,2.468,2.438,2.455,5462000,2.633
2015-11-23,2.455,2.455,2.404,2.421,7005900,2.596
2015-11-24,2.404,2.438,2.365,2.404,8363400,2.578
2015-11-25,2.395,2.413,2.293,2.336,9902200,2.504
2015-11-26,2.344,2.361,2.301,2.336,9849700,2.504
2015-11-27,2.336,2.336,2.216,2.224,10633300,2.385
2015-11-30,2.241,2.241,2.147,2.173,7411800,2.33
2015-12-01,2.182,2.267,2.182,2.224,7358000,2.385
2015-12-02,2.233,2.25,2.207,2.216,6005000,2.376
2015-12-03,2.207,2.216,2.173,2.19,6313600,2.348
2015-12-04,2.182,2.224,2.173,2.19,3721800,2.348
2015-12-07,2.216,2.224,2.182,2.199,2900400,2.358
2015-12-08,2.19,2.19,2.139,2.147,2159200,2.303
2015-12-09,2.156,2.194,2.139,2.173,3677500,2.33
2015-12-10,2.156,2.164,2.10,2.113,1700800,2.266
2015-12-11,2.113,2.156,2.113,2.13,1233500,2.284
2015-12-14,2.105,2.122,2.062,2.07,1193200,2.22
2015-12-15,2.07,2.109,2.057,2.062,1382600,2.211
2015-12-16,2.062,2.139,2.053,2.139,1367500,2.293
2015-12-17,2.19,2.19,2.147,2.147,2461500,2.303
2015-12-18,2.139,2.19,2.109,2.173,2040900,2.33
2015-12-21,2.164,2.19,2.139,2.164,1245600,2.321
2015-12-22,2.207,2.241,2.194,2.224,1268900,2.385
2015-12-23,2.259,2.271,2.241,2.267,564900,2.431
2015-12-24,2.293,2.293,2.241,2.284,262900,2.449
2015-12-25,2.284,2.284,2.284,2.284,000,2.449
2015-12-28,2.284,2.284,2.284,2.284,000,2.449
2015-12-29,2.267,2.353,2.259,2.353,1102500,2.523
2015-12-30,2.387,2.395,2.344,2.361,1133600,2.532
2015-12-31,2.361,2.37,2.344,2.361,263500,2.532
2016-01-01,2.361,2.361,2.361,2.361,000,2.532
2016-01-04,2.37,2.378,2.336,2.336,1202700,2.504
2016-01-05,2.31,2.314,2.28,2.293,1056700,2.459
2016-01-06,2.31,2.327,2.25,2.284,1062700,2.449
2016-01-07,2.318,2.318,2.25,2.284,1148900,2.449
2016-01-08,2.216,2.301,2.216,2.301,1498700,2.468
2016-01-11,2.233,2.25,2.147,2.216,2619100,2.376
2016-01-12,2.199,2.241,2.182,2.207,2220200,2.367
2016-01-13,2.207,2.224,2.182,2.207,1906400,2.367
2016-01-14,2.156,2.173,2.134,2.139,1340200,2.293
2016-01-15,2.173,2.173,2.092,2.113,1406500,2.266
2016-01-18,2.079,2.079,2.002,2.062,2094400,2.211
2016-01-19,2.07,2.087,2.062,2.07,1214400,2.22
2016-01-20,2.079,2.105,2.04,2.053,1312200,2.202
2016-01-21,2.105,2.105,2.053,2.062,1339100,2.211
2016-01-22,2.079,2.087,2.045,2.062,951900,2.211
2016-01-25,2.096,2.147,2.096,2.139,1175300,2.293
2016-01-26,2.139,2.139,2.139,2.139,000,2.293
2016-01-27,2.122,2.169,2.117,2.139,2260800,2.293
2016-01-28,2.139,2.156,2.113,2.147,1028600,2.303
2016-01-29,2.147,2.224,2.143,2.216,1979700,2.376
2016-02-01,2.224,2.267,2.199,2.216,2320800,2.376
2016-02-02,2.207,2.22,2.164,2.173,968200,2.33
2016-02-03,2.139,2.156,2.113,2.147,1349400,2.303
2016-02-04,2.147,2.216,2.139,2.173,1476500,2.33
2016-02-05,2.224,2.276,2.096,2.267,2511300,2.431
2016-02-08,2.25,2.25,2.105,2.122,2395700,2.275
2016-02-09,2.113,2.113,2.002,2.07,2827600,2.22
2016-02-10,2.07,2.087,1.951,1.993,2758900,2.137
2016-02-11,2.01,2.062,1.968,2.053,2273300,2.202
2016-02-12,2.028,2.062,1.933,1.985,2803000,2.128
2016-02-15,2.002,2.087,2.002,2.062,2303400,2.211
2016-02-16,2.113,2.113,2.053,2.07,3854700,2.22
2016-02-17,1.925,1.933,1.874,1.882,3644500,2.20
2016-02-18,1.916,1.959,1.899,1.933,1936500,2.26
2016-02-19,1.942,1.942,1.912,1.916,1209600,2.24
2016-02-22,1.933,1.946,1.899,1.925,1252000,2.25
2016-02-23,1.925,1.959,1.891,1.891,1455700,2.21
2016-02-24,1.891,1.908,1.814,1.831,2302200,2.14
2016-02-25,1.856,1.865,1.779,1.831,2038200,2.14
2016-02-26,1.839,1.869,1.814,1.822,1070800,2.13
2016-02-29,1.831,1.908,1.805,1.856,1412400,2.17
2016-03-01,1.856,1.891,1.839,1.856,1390500,2.17
2016-03-02,1.882,1.916,1.856,1.908,4816600,2.23
2016-03-03,1.916,1.976,1.912,1.951,1557800,2.28
2016-03-04,1.959,2.006,1.951,1.976,1833000,2.31
2016-03-07,1.993,2.028,1.951,2.002,2145800,2.34
2016-03-08,2.028,2.036,1.976,1.976,1606200,2.31
2016-03-09,1.976,1.993,1.968,1.993,1677300,2.33
2016-03-10,2.002,2.028,1.985,2.028,1366800,2.37
2016-03-11,2.028,2.036,1.985,1.993,773400,2.33
2016-03-14,2.028,2.045,2.002,2.002,1049400,2.34
2016-03-15,2.036,2.045,2.01,2.028,2840100,2.37
2016-03-16,2.01,2.036,2.01,2.019,1812500,2.36
2016-03-17,2.036,2.053,2.028,2.036,1882200,2.38
2016-03-18,2.053,2.105,2.049,2.096,3998700,2.45
2016-03-21,2.087,2.139,2.083,2.105,2689600,2.46
2016-03-22,2.113,2.122,2.096,2.113,2854800,2.47
2016-03-23,2.113,2.113,2.053,2.053,1393400,2.40
2016-03-24,2.045,2.053,2.028,2.036,3071700,2.38
2016-03-25,2.036,2.036,2.036,2.036,000,2.38
2016-03-28,2.036,2.036,2.036,2.036,000,2.38
2016-03-29,2.045,2.053,1.968,1.976,1548900,2.31
2016-03-30,1.985,1.993,1.951,1.968,1101200,2.30
2016-03-31,2.087,2.156,2.028,2.13,8374200,2.49
2016-04-01,2.096,2.177,2.07,2.147,3868500,2.51
2016-04-04,2.52,2.55,2.49,2.52,1375300,2.946
2016-04-05,2.51,2.53,2.41,2.47,2298900,2.887
2016-04-06,2.46,2.50,2.45,2.49,1240100,2.911
2016-04-07,2.49,2.51,2.465,2.48,1398300,2.899
2016-04-08,2.47,2.495,2.42,2.45,1402300,2.864
2016-04-11,2.45,2.455,2.38,2.39,1229900,2.794
2016-04-12,2.40,2.41,2.39,2.40,1816400,2.805
2016-04-13,2.41,2.43,2.39,2.41,1891700,2.817
2016-04-14,2.45,2.46,2.43,2.44,1722300,2.852
2016-04-15,2.46,2.495,2.44,2.45,1828600,2.864


2016-04-18,2.46,2.46,2.41,2.42,1376200,2.829
2016-04-19,2.45,2.48,2.42,2.47,1765000,2.887
2016-04-20,2.48,2.51,2.43,2.43,1268900,2.84
2016-04-21,2.46,2.46,2.39,2.39,1755000,2.794
2016-04-22,2.42,2.45,2.39,2.42,2053200,2.829


2016-04-25,2.42,2.42,2.42,2.42,000,2.829
2016-04-26,2.43,2.45,2.38,2.38,1014600,2.782
2016-04-27,2.44,2.44,2.34,2.35,2690800,2.747
2016-04-28,2.38,2.405,2.37,2.38,2281900,2.782
2016-04-29,2.39,2.42,2.37,2.39,2027200,2.794


2016-05-02,2.44,2.45,2.40,2.41,2733100,2.817
2016-05-03,2.40,2.46,2.40,2.44,2887700,2.852
2016-05-04,2.46,2.49,2.44,2.49,4282900,2.911
2016-05-05,2.50,2.58,2.47,2.56,1615400,2.992
2016-05-06,2.58,2.60,2.55,2.57,2499500,3.004


2016-05-09,2.56,2.60,2.55,2.56,1214500,2.992
2016-05-10,2.59,2.62,2.57,2.62,1780700,3.063
2016-05-11,2.62,2.68,2.61,2.67,1537400,3.121
2016-05-12,2.68,2.70,2.64,2.70,1843500,3.156
2016-05-13,2.70,2.715,2.67,2.69,1234400,3.144


2016-05-16,2.69,2.70,2.66,2.67,1256100,3.121
2016-05-17,2.68,2.72,2.62,2.63,2353500,3.074
2016-05-18,2.63,2.69,2.63,2.65,1677600,3.098
2016-05-19,2.69,2.72,2.64,2.67,2115900,3.121
2016-05-20,2.67,2.72,2.66,2.70,1235200,3.156


2016-05-23,2.73,2.74,2.635,2.65,2513900,3.098
2016-05-24,2.71,2.83,2.68,2.72,776500,2.72
2016-05-25,2.83,2.83,2.72,2.77,1829700,2.77
2016-05-26,2.80,2.82,2.75,2.78,1076400,2.78
2016-05-27,2.78,2.805,2.71,2.71,1525300,2.71


2016-05-30,2.73,2.73,2.67,2.67,1034800,2.67
2016-05-31,2.67,2.71,2.61,2.68,1587500,2.68
2016-06-01,2.65,2.67,2.59,2.60,2103500,2.60
2016-06-02,2.63,2.765,2.60,2.67,1120800,2.67
2016-06-03,2.80,2.815,2.72,2.80,1530600,2.80


2016-06-06,2.80,2.815,2.68,2.69,1123300,2.69
2016-06-07,2.66,2.785,2.66,2.72,1315200,2.72
2016-06-08,2.70,2.74,2.69,2.70,1078600,2.70
2016-06-09,2.70,2.71,2.67,2.69,1252200,2.69
2016-06-10,2.66,2.675,2.62,2.64,1174700,2.64


2016-06-13,2.64,2.64,2.64,2.64,000,2.64
2016-06-14,2.64,2.64,2.59,2.61,1448500,2.61
