Date,Open,High,Low,Close,Volume,Adj Close
2015-01-01,7.99,7.99,7.99,7.99,000,7.61479
2015-01-02,7.99,8.14,7.91,8.07,173500,7.69103
2015-01-05,8.09,8.30,8.03,8.14,296000,7.75775
2015-01-06,8.00,8.08,7.87,7.90,435900,7.52902
2015-01-07,7.81,7.87,7.69,7.84,273600,7.47183
2015-01-08,7.87,7.96,7.79,7.84,385900,7.47183
2015-01-09,7.90,7.97,7.84,7.96,402500,7.5862
2015-01-12,7.94,8.13,7.94,8.07,244400,7.69103
2015-01-13,8.08,8.25,8.05,8.21,525600,7.82446
2015-01-14,8.22,8.28,8.13,8.20,529500,7.81493
2015-01-15,8.26,8.34,8.13,8.18,621400,7.79587
2015-01-16,8.11,8.22,8.07,8.17,364000,7.78634
2015-01-19,8.20,8.50,8.16,8.46,493400,8.06272
2015-01-20,8.45,8.58,8.31,8.57,552100,8.16755
2015-01-21,8.58,8.85,8.56,8.73,613600,8.32004
2015-01-22,8.73,8.80,8.60,8.65,476900,8.2438
2015-01-23,8.65,8.72,8.58,8.60,418200,8.19614
2015-01-26,8.60,8.60,8.60,8.60,000,8.19614
2015-01-27,8.66,8.76,8.645,8.73,433200,8.32004
2015-01-28,8.70,8.75,8.63,8.68,568500,8.27239
2015-01-29,8.70,8.73,8.64,8.71,366700,8.30098
2015-01-30,8.73,8.97,8.72,8.90,382700,8.48206
2015-02-02,8.87,8.96,8.79,8.80,467500,8.38675
2015-02-03,8.86,8.97,8.77,8.82,286100,8.40581
2015-02-04,8.89,8.97,8.73,8.81,278100,8.39628
2015-02-05,8.83,8.92,8.80,8.85,257900,8.4344
2015-02-06,8.88,8.89,8.60,8.63,395800,8.22474
2015-02-09,8.63,8.71,8.60,8.67,292700,8.26286
2015-02-10,8.67,8.73,8.41,8.43,439900,8.03413
2015-02-11,8.54,8.63,8.47,8.52,436000,8.1199
2015-02-12,8.61,8.61,8.27,8.30,407300,7.91023
2015-02-13,8.36,8.46,8.34,8.38,319400,7.98648
2015-02-16,8.34,8.47,8.34,8.41,218600,8.01507
2015-02-17,8.43,8.43,8.28,8.36,207100,7.96741
2015-02-18,8.39,8.51,8.36,8.50,205300,8.10084
2015-02-19,8.55,8.64,8.46,8.58,514400,8.17708
2015-02-20,8.63,8.65,8.44,8.46,234400,8.06272
2015-02-23,9.15,9.35,8.98,9.18,2112200,8.74891
2015-02-24,9.18,9.90,9.18,9.53,1707100,9.08247
2015-02-25,9.60,9.79,9.47,9.55,1093400,9.10153
2015-02-26,9.51,9.53,9.23,9.29,933100,8.85374
2015-02-27,9.34,9.58,9.32,9.40,596900,8.95858
2015-03-02,9.41,9.42,9.12,9.14,596500,8.71079
2015-03-03,9.15,9.17,8.89,9.03,601000,8.71492
2015-03-04,9.03,9.08,8.92,8.97,401400,8.65702
2015-03-05,9.00,9.00,8.70,8.81,374800,8.5026
2015-03-06,8.84,8.87,8.70,8.81,338600,8.5026
2015-03-09,8.80,8.87,8.61,8.64,245800,8.33853
2015-03-10,8.68,8.68,8.58,8.60,204400,8.29993
2015-03-11,8.50,8.50,8.23,8.42,499000,8.12621
2015-03-12,8.44,8.84,8.38,8.81,722300,8.5026
2015-03-13,8.83,8.89,8.66,8.85,815800,8.5412
2015-03-16,8.79,8.79,8.52,8.68,455900,8.37713
2015-03-17,8.82,8.86,8.73,8.81,718000,8.5026
2015-03-18,8.79,8.89,8.79,8.85,425100,8.5412
2015-03-19,8.88,8.95,8.86,8.92,711700,8.60876
2015-03-20,8.92,9.09,8.85,8.95,621600,8.63771
2015-03-23,9.00,9.05,8.81,8.91,572100,8.59911
2015-03-24,8.80,8.81,8.63,8.68,525600,8.37713
2015-03-25,8.68,8.68,8.45,8.46,760600,8.16481
2015-03-26,8.41,8.42,8.31,8.34,782200,8.049
2015-03-27,8.37,8.46,8.29,8.29,512600,8.00074
2015-03-30,8.25,8.30,8.13,8.23,422900,7.94284
2015-03-31,8.30,8.33,7.93,7.99,749000,7.71121
2015-04-01,7.99,8.11,7.97,7.97,716800,7.69191
2015-04-02,8.00,8.00,7.70,7.70,712600,7.43133
2015-04-03,7.70,7.70,7.70,7.70,000,7.43133
2015-04-06,7.70,7.70,7.70,7.70,000,7.43133
2015-04-07,7.73,7.85,7.68,7.72,565500,7.45063
2015-04-08,7.75,7.81,7.71,7.73,329100,7.46028
2015-04-09,7.74,7.74,7.36,7.37,741300,7.11284
2015-04-10,7.41,7.79,7.41,7.66,1067200,7.39272
2015-04-13,7.76,7.95,7.69,7.72,603100,7.45063
2015-04-14,7.73,7.745,7.60,7.61,362300,7.34447
2015-04-15,7.69,7.69,7.50,7.51,458300,7.24796
2015-04-16,7.52,7.61,7.49,7.52,428600,7.25761
2015-04-17,7.54,7.54,7.07,7.20,1535200,6.94878
2015-04-20,7.16,7.16,6.91,6.95,1332200,6.7075
2015-04-21,7.03,7.04,6.71,6.82,1032300,6.58203
2015-04-22,6.87,6.92,6.65,6.66,1107800,6.42762
2015-04-23,6.70,6.71,6.44,6.45,932100,6.22494
2015-04-24,6.59,7.03,6.53,7.00,1295800,6.75575
2015-04-27,7.10,7.25,7.05,7.11,1057800,6.86192
2015-04-28,7.13,7.15,6.92,6.94,560300,6.69785
2015-04-29,6.90,6.92,6.70,6.75,562200,6.51448
2015-04-30,6.70,6.70,6.55,6.65,1084600,6.41797
2015-05-01,6.64,6.74,6.52,6.68,648700,6.44692
2015-05-04,6.78,6.89,6.71,6.74,470500,6.50483
2015-05-05,6.82,7.19,6.80,7.12,1404300,6.87157
2015-05-06,6.95,6.95,6.42,6.56,2150700,6.33111
2015-05-07,6.47,6.56,6.27,6.45,3078500,6.22494
2015-05-08,6.43,6.60,6.14,6.60,1978100,6.36971
2015-05-11,6.67,6.91,6.67,6.81,1300400,6.57238
2015-05-12,6.82,6.88,6.73,6.85,949700,6.61099
2015-05-13,6.81,6.83,6.74,6.79,908700,6.55308
2015-05-14,6.75,6.79,6.66,6.72,892100,6.48552
2015-05-15,6.80,6.85,6.67,6.81,477200,6.57238
2015-05-18,6.79,7.11,6.78,7.00,1207900,6.75575
2015-05-19,7.01,7.10,6.90,7.00,1716100,6.75575
2015-05-20,7.00,7.10,6.90,6.94,3610700,6.69785
2015-05-21,6.98,7.065,6.91,6.93,945800,6.6882
2015-05-22,6.95,7.02,6.835,6.91,632100,6.66889
2015-05-25,6.89,6.96,6.81,6.82,412500,6.58203
2015-05-26,6.84,7.02,6.82,6.96,522600,6.71715
2015-05-27,6.90,6.96,6.80,6.82,683800,6.58203
2015-05-28,6.85,6.92,6.82,6.83,937100,6.59169
2015-05-29,6.85,6.91,6.69,6.69,669200,6.45657
2015-06-01,6.70,6.75,6.48,6.60,452100,6.36971
2015-06-02,6.63,6.63,6.30,6.39,1625500,6.16704
2015-06-03,6.35,6.445,6.33,6.40,1157000,6.17669
2015-06-04,6.50,6.54,6.36,6.36,1079700,6.13808
2015-06-05,6.35,6.42,6.25,6.40,825800,6.17669
2015-06-08,6.40,6.40,6.40,6.40,000,6.17669
2015-06-09,6.38,6.49,6.30,6.43,698900,6.20564
2015-06-10,6.42,6.43,6.25,6.27,1342900,6.05123
2015-06-11,6.27,6.38,6.25,6.30,554100,6.08018
2015-06-12,6.27,6.27,6.13,6.14,449500,5.92576
2015-06-15,6.15,6.15,5.83,6.05,1451200,5.8389
2015-06-16,6.00,6.08,5.83,5.89,1140200,5.68448
2015-06-17,5.85,6.04,5.85,6.01,549100,5.8003
2015-06-18,5.94,5.98,5.88,5.93,653300,5.72309
2015-06-19,5.93,6.10,5.89,6.10,590800,5.88716
2015-06-22,6.02,6.09,5.86,5.90,390600,5.69414
2015-06-23,5.95,6.08,5.94,6.02,541900,5.80995
2015-06-24,6.01,6.06,5.98,6.00,355300,5.79065
2015-06-25,6.00,6.04,5.98,5.99,503600,5.78099
2015-06-26,5.94,6.02,5.94,5.94,491100,5.73274
2015-06-29,5.90,5.98,5.76,5.81,788000,5.60728
2015-06-30,5.77,5.79,5.61,5.75,738800,5.54937
2015-07-01,5.74,5.97,5.73,5.92,536100,5.71344
2015-07-02,5.93,6.03,5.92,5.96,506400,5.75204
2015-07-03,5.95,5.96,5.58,5.62,699400,5.42391
2015-07-06,5.50,5.54,5.35,5.35,1226200,5.16333
2015-07-07,5.38,5.52,5.30,5.31,905900,5.12472
2015-07-08,5.30,5.345,5.11,5.25,1151800,5.06682
2015-07-09,5.25,5.27,5.03,5.12,1559200,4.94135
2015-07-10,5.17,5.24,5.03,5.15,1094300,4.9703
2015-07-13,5.16,5.22,4.95,4.96,1262600,4.78693
2015-07-14,5.04,5.16,5.04,5.05,1309700,4.87379
2015-07-15,5.09,5.38,5.09,5.35,837900,5.16333
2015-07-16,5.51,5.75,5.46,5.70,1260600,5.50111
2015-07-17,5.80,5.87,5.66,5.76,822300,5.55902
2015-07-20,5.80,5.95,5.80,5.86,612100,5.65553
2015-07-21,5.85,5.855,5.76,5.84,482600,5.63623
2015-07-22,5.83,5.84,5.76,5.76,510800,5.55902
2015-07-23,5.76,5.84,5.75,5.79,451500,5.58797
2015-07-24,5.77,5.86,5.76,5.77,363800,5.56867
2015-07-27,5.77,5.90,5.76,5.89,258300,5.68448
2015-07-28,5.86,6.14,5.80,6.06,1936000,5.84855
2015-07-29,6.12,6.20,5.84,5.88,633000,5.67483
2015-07-30,5.94,6.00,5.85,5.94,308600,5.73274
2015-07-31,5.96,6.06,5.94,6.05,324300,5.8389
2015-08-03,6.07,6.07,5.90,5.92,326200,5.71344
2015-08-04,5.92,5.97,5.76,5.77,507200,5.56867
2015-08-05,5.76,5.85,5.75,5.83,400000,5.62658
2015-08-06,5.82,5.96,5.80,5.89,384400,5.68448
2015-08-07,5.82,5.85,5.755,5.76,799700,5.55902
2015-08-10,5.79,6.00,5.79,5.98,337700,5.77134
2015-08-11,6.96,6.99,6.50,6.84,2673100,6.60134
2015-08-12,6.77,7.25,6.76,7.04,1551600,6.79436
2015-08-13,6.99,7.24,6.90,7.24,2014400,6.98738
2015-08-14,7.20,7.48,7.02,7.13,1198700,6.88122
2015-08-17,7.10,7.10,6.85,7.01,373500,6.88964
2015-08-18,6.96,7.04,6.86,6.87,716400,6.75205
2015-08-19,6.90,6.97,6.84,6.93,633100,6.81101
2015-08-20,6.98,7.02,6.85,7.02,508900,6.89947
2015-08-21,6.90,7.05,6.85,7.04,863600,6.91913
2015-08-24,6.99,6.99,6.71,6.80,615200,6.68325
2015-08-25,6.66,7.05,6.55,7.03,904700,6.9093
2015-08-26,6.41,6.60,5.96,6.08,3208700,5.97561
2015-08-27,6.18,6.23,6.07,6.08,2825900,5.97561
2015-08-28,6.10,6.10,5.75,5.87,1137300,5.76921
2015-08-31,5.86,5.97,5.80,5.87,688500,5.76921
2015-09-01,5.82,5.85,5.51,5.55,940600,5.45471
2015-09-02,5.47,5.47,5.27,5.39,1275200,5.29746
2015-09-03,5.44,5.52,5.21,5.32,1133000,5.22866
2015-09-04,5.34,5.76,5.34,5.68,3453400,5.58248
2015-09-07,5.71,5.77,5.57,5.75,714400,5.65128
2015-09-08,5.76,5.99,5.75,5.78,696700,5.68076
2015-09-09,5.98,5.99,5.81,5.87,342200,5.76921
2015-09-10,5.82,6.03,5.81,6.02,633800,5.91664
2015-09-11,6.05,6.32,6.05,6.30,581900,6.19183
2015-09-14,6.37,6.38,6.10,6.26,574100,6.15252
2015-09-15,6.23,6.295,6.15,6.20,1521400,6.09355
2015-09-16,6.25,6.30,6.19,6.22,596400,6.11321
2015-09-17,6.32,6.32,6.21,6.26,406600,6.15252
2015-09-18,6.26,6.30,6.19,6.25,255600,6.14269
2015-09-21,6.10,6.21,6.085,6.14,276400,6.03458
2015-09-22,6.23,6.26,6.18,6.22,491700,6.11321
2015-09-23,6.20,6.26,6.19,6.22,571100,6.11321
2015-09-24,6.22,6.48,6.16,6.30,1084300,6.19183
2015-09-25,6.40,6.58,6.39,6.53,873000,6.41788
2015-09-28,6.51,6.59,6.43,6.57,482000,6.4572
2015-09-29,6.41,6.43,6.28,6.40,453200,6.29012
2015-09-30,6.37,6.52,6.25,6.51,530900,6.39823
2015-10-01,6.54,6.64,6.45,6.55,345300,6.43754
2015-10-02,6.48,6.64,6.45,6.57,353400,6.4572
2015-10-05,6.60,6.65,6.54,6.62,128700,6.50634
2015-10-06,6.65,6.73,6.57,6.64,259100,6.52599
2015-10-07,6.65,6.65,6.41,6.57,596100,6.4572
2015-10-08,6.65,6.70,6.53,6.54,269900,6.42771
2015-10-09,6.68,6.69,6.51,6.57,347400,6.4572
2015-10-12,6.52,6.63,6.48,6.59,376100,6.47685
2015-10-13,6.52,6.58,6.51,6.51,1008700,6.39823
2015-10-14,6.50,6.71,6.47,6.66,325900,6.54565
2015-10-15,6.70,6.70,6.57,6.58,235100,6.46702
2015-10-16,6.58,6.59,6.45,6.52,803000,6.40805
2015-10-19,6.54,6.70,6.54,6.68,430600,6.56531
2015-10-20,6.68,6.72,6.52,6.55,403800,6.43754
2015-10-21,6.54,6.75,6.50,6.67,1397200,6.55548
2015-10-22,6.64,6.68,6.16,6.21,1650600,6.10338
2015-10-23,6.30,6.34,6.20,6.24,674700,6.13286
2015-10-26,6.24,6.30,6.20,6.26,255800,6.15252
2015-10-27,6.27,6.29,6.17,6.18,484600,6.07389
2015-10-28,6.20,6.28,6.12,6.21,263800,6.10338
2015-10-29,6.23,6.27,6.12,6.20,1277900,6.09355
2015-10-30,6.19,6.28,6.14,6.26,294200,6.15252
2015-11-02,6.32,6.37,6.13,6.28,216100,6.17218
2015-11-03,6.32,6.53,6.27,6.53,752700,6.41788
2015-11-04,6.53,6.54,6.40,6.46,248600,6.34908
2015-11-05,6.46,6.50,6.29,6.29,344900,6.182
2015-11-06,6.35,6.39,6.09,6.31,1431100,6.20166
2015-11-09,6.31,6.33,6.21,6.22,269500,6.11321
2015-11-10,6.18,6.20,5.90,6.02,392800,5.91664
2015-11-11,5.99,6.05,5.87,5.97,607500,5.8675
2015-11-12,5.95,5.95,5.81,5.94,228700,5.83801
2015-11-13,5.85,5.88,5.72,5.85,678900,5.74956
2015-11-16,5.76,5.83,5.72,5.75,287000,5.65128
2015-11-17,5.82,6.30,5.82,6.30,429300,6.19183
2015-11-18,6.23,6.37,6.14,6.37,242500,6.26063
2015-11-19,6.40,6.40,6.24,6.36,233100,6.2508
2015-11-20,6.38,6.39,6.22,6.35,203100,6.24097
2015-11-23,6.34,6.53,6.28,6.45,294800,6.33926
2015-11-24,6.42,6.46,6.15,6.20,323600,6.09355
2015-11-25,6.20,6.28,6.15,6.16,286000,6.05424
2015-11-26,6.16,6.32,6.15,6.20,277000,6.09355
2015-11-27,6.24,6.24,6.11,6.11,187200,6.00509
2015-11-30,6.10,6.13,5.91,5.96,1014400,5.85767
2015-12-01,5.99,6.10,5.89,5.90,740800,5.7987
2015-12-02,5.91,5.92,5.71,5.72,594700,5.62179
2015-12-03,5.65,5.71,5.28,5.37,1302300,5.2778
2015-12-04,5.34,5.34,5.09,5.11,1081000,5.02226
2015-12-07,5.20,5.22,4.96,5.00,1680900,4.91415
2015-12-08,5.00,5.00,4.74,4.74,1464200,4.65862
2015-12-09,5.00,5.09,4.74,4.76,1948600,4.67827
2015-12-10,4.80,4.80,4.51,4.63,1926300,4.55051
2015-12-11,4.66,4.72,4.62,4.69,505400,4.60947
2015-12-14,4.70,4.73,4.62,4.63,1269100,4.55051
2015-12-15,5.79,6.09,5.79,5.98,5398700,5.87733
2015-12-16,5.99,6.00,5.35,5.81,739000,5.71024
2015-12-17,5.93,5.98,5.76,5.82,610600,5.72007
2015-12-18,6.06,6.495,6.05,6.48,1186000,6.36874
2015-12-21,6.48,6.74,6.43,6.50,616500,6.3884
2015-12-22,6.57,6.57,6.39,6.44,2149400,6.32943
2015-12-23,6.50,6.68,6.41,6.50,480400,6.3884
2015-12-24,6.60,6.67,6.50,6.60,131300,6.48668
2015-12-25,6.60,6.60,6.60,6.60,000,6.48668
2015-12-28,6.60,6.60,6.60,6.60,000,6.48668
2015-12-29,6.66,6.69,6.53,6.60,124700,6.48668
2015-12-30,6.65,6.67,6.55,6.60,83100,6.48668
2015-12-31,6.60,6.70,6.585,6.70,87600,6.58496
2016-01-01,6.70,6.70,6.70,6.70,000,6.58496
2016-01-04,6.60,6.80,6.60,6.74,178600,6.62428
2016-01-05,6.60,6.68,6.36,6.45,410700,6.33926
2016-01-06,6.45,6.50,6.34,6.50,477200,6.3884
2016-01-07,6.50,6.52,6.35,6.52,686800,6.40805
2016-01-08,6.30,6.56,6.30,6.50,480300,6.3884
2016-01-11,6.33,6.68,6.11,6.52,452600,6.40805
2016-01-12,6.50,6.66,6.41,6.60,628200,6.48668
2016-01-13,6.47,6.73,6.28,6.73,380200,6.61445
2016-01-14,6.44,6.89,6.39,6.79,726600,6.67342
2016-01-15,6.81,6.81,6.51,6.64,681800,6.52599
2016-01-18,6.45,6.62,6.31,6.60,629200,6.48668
2016-01-19,6.59,6.67,6.43,6.60,647700,6.48668
2016-01-20,6.58,6.63,6.43,6.62,665200,6.50634
2016-01-21,6.60,6.62,6.50,6.60,706000,6.48668
2016-01-22,6.61,6.69,6.55,6.65,631100,6.53582
2016-01-25,6.69,6.82,6.65,6.81,496900,6.69308
2016-01-26,6.81,6.81,6.81,6.81,000,6.69308
2016-01-27,6.77,7.10,6.76,7.01,1932800,6.88964
2016-01-28,7.00,7.32,6.95,7.01,1256900,6.88964
2016-01-29,7.03,7.24,6.95,7.15,724200,7.02724
2016-02-01,7.22,7.26,6.96,6.99,491700,6.86998
2016-02-02,6.98,6.98,6.67,6.70,439400,6.58496
2016-02-03,6.57,6.66,6.35,6.37,365200,6.26063
2016-02-04,6.40,6.54,6.15,6.21,625200,6.10338
2016-02-05,6.21,6.34,6.19,6.32,192100,6.21149
2016-02-08,6.45,6.46,6.36,6.41,142300,6.29994
2016-02-09,6.33,6.42,6.25,6.29,413800,6.182
2016-02-10,6.30,6.34,6.21,6.26,478300,6.15252
2016-02-11,6.26,6.70,6.26,6.52,385700,6.40805
2016-02-12,6.42,6.50,6.37,6.39,370900,6.28029
2016-02-15,6.61,6.67,6.45,6.54,256900,6.42771
2016-02-16,6.74,7.10,6.66,7.10,574600,6.9781
2016-02-17,7.15,7.23,7.085,7.14,444200,7.01741
2016-02-18,7.22,7.35,7.11,7.17,592900,7.04689
2016-02-19,7.19,7.23,7.10,7.15,331400,7.02724
2016-02-22,7.15,7.39,7.15,7.29,332800,7.16483
2016-02-23,7.33,7.49,7.22,7.49,352500,7.3614
2016-02-24,7.39,7.50,7.205,7.26,494000,7.26
2016-02-25,7.35,7.45,7.31,7.40,470600,7.40
2016-02-26,7.40,7.49,7.17,7.28,300000,7.28
2016-02-29,7.32,7.59,7.18,7.52,1137900,7.52
2016-03-01,7.59,7.69,7.44,7.54,390800,7.54
2016-03-02,7.65,7.67,7.49,7.60,288100,7.60
2016-03-03,7.60,7.71,7.59,7.69,401600,7.69
2016-03-04,7.68,7.73,7.52,7.65,375500,7.65
2016-03-07,7.66,7.72,7.53,7.58,433400,7.58
2016-03-08,7.59,7.59,7.36,7.37,385400,7.37
2016-03-09,7.40,7.54,7.25,7.52,600600,7.52
2016-03-10,7.50,7.52,7.25,7.29,344100,7.29
2016-03-11,7.35,7.50,7.33,7.47,273900,7.47
2016-03-14,7.47,7.55,7.43,7.52,244400,7.52
2016-03-15,7.50,7.56,7.44,7.44,128800,7.44
2016-03-16,7.44,7.44,7.20,7.34,244000,7.34
2016-03-17,7.45,7.53,7.41,7.42,428800,7.42
2016-03-18,7.44,7.52,7.295,7.34,200600,7.34
2016-03-21,7.35,7.50,7.35,7.42,314500,7.42
2016-03-22,7.45,7.55,7.40,7.46,202600,7.46
2016-03-23,7.42,7.50,7.37,7.40,141200,7.40
2016-03-24,7.38,7.49,7.38,7.42,406000,7.42
2016-03-25,7.42,7.42,7.42,7.42,000,7.42
2016-03-28,7.42,7.42,7.42,7.42,000,7.42
2016-03-29,7.43,7.50,7.37,7.49,194700,7.49
2016-03-30,7.50,7.52,7.46,7.50,448100,7.50
2016-03-31,7.53,7.55,7.38,7.49,215600,7.49
2016-04-01,7.46,7.55,7.40,7.47,147700,7.47
2016-04-04,7.48,7.71,7.46,7.66,439300,7.66
2016-04-05,7.59,7.59,7.12,7.17,282000,7.17
2016-04-06,7.18,7.38,7.14,7.34,300100,7.34
2016-04-07,7.34,7.45,7.19,7.34,218900,7.34
2016-04-08,7.21,7.38,7.15,7.18,127700,7.18
2016-04-11,7.19,7.30,7.12,7.28,195600,7.28
2016-04-12,7.29,7.40,7.17,7.30,180600,7.30
2016-04-13,7.30,7.30,7.095,7.12,639300,7.12
2016-04-14,7.16,7.17,7.10,7.13,1295900,7.13
2016-04-15,7.13,7.135,7.05,7.09,483100,7.09


2016-04-18,7.09,7.15,7.07,7.09,426200,7.09
2016-04-19,7.09,7.28,7.08,7.23,567700,7.23
2016-04-20,7.24,7.27,7.08,7.10,170100,7.10
2016-04-21,7.24,7.24,7.10,7.18,236100,7.18
2016-04-22,7.16,7.18,7.01,7.03,191200,7.03


2016-04-25,7.03,7.03,7.03,7.03,000,7.03
2016-04-26,7.03,7.08,6.62,6.81,422100,6.81
2016-04-27,6.87,7.17,6.87,6.94,544500,6.94
2016-04-28,7.05,7.33,7.05,7.18,404900,7.18
2016-04-29,7.19,7.20,7.08,7.11,219100,7.11


2016-05-02,7.09,7.17,7.06,7.12,153600,7.12
2016-05-03,7.16,7.25,7.07,7.23,350200,7.23
2016-05-04,7.19,7.19,7.02,7.03,234000,7.03
2016-05-05,7.06,7.13,7.00,7.08,207600,7.08
2016-05-06,7.06,7.43,7.06,7.41,5023700,7.41


2016-05-09,7.38,7.67,7.31,7.60,448200,7.60
2016-05-10,7.61,7.67,7.02,7.09,1245800,7.09
2016-05-11,7.19,7.24,7.08,7.19,254400,7.19
2016-05-12,7.06,7.37,7.06,7.31,203600,7.31
2016-05-13,7.32,7.35,7.19,7.25,139800,7.25


2016-05-16,7.24,7.47,7.22,7.37,363900,7.37
2016-05-17,7.38,7.38,7.17,7.24,148200,7.24
2016-05-18,7.21,7.31,7.12,7.21,283500,7.21
2016-05-19,7.28,7.28,7.06,7.22,254900,7.22
2016-05-20,7.27,7.60,7.20,7.54,684300,7.54


2016-05-23,7.53,7.69,7.46,7.48,764400,7.48
2016-05-24,7.49,7.49,7.40,7.43,213300,7.43
2016-05-25,7.49,7.69,7.46,7.69,446200,7.69
2016-05-26,7.65,7.70,7.45,7.60,187700,7.60
2016-05-27,7.60,7.69,7.60,7.65,186800,7.65


2016-05-30,7.67,7.68,7.60,7.68,262000,7.68
2016-05-31,7.65,7.86,7.64,7.85,431100,7.85
2016-06-01,7.71,7.85,7.71,7.84,260700,7.84
2016-06-02,7.77,7.85,7.68,7.73,146300,7.73
2016-06-03,7.75,7.89,7.75,7.89,437300,7.89


2016-06-06,7.90,7.99,7.89,7.98,739600,7.98
2016-06-07,7.45,7.45,7.19,7.36,17880100,7.36
2016-06-08,7.44,7.49,7.23,7.36,486700,7.36
2016-06-09,7.38,7.42,7.31,7.34,479500,7.34
2016-06-10,7.33,7.34,7.25,7.32,231600,7.32


2016-06-13,7.32,7.32,7.32,7.32,000,7.32
2016-06-14,7.25,7.31,7.16,7.22,279100,7.22
