Date,Open,High,Low,Close,Volume,Adj Close
2015-01-01,1.82,1.82,1.82,1.82,000,1.74528
2015-01-02,1.82,1.83,1.81,1.81,40800,1.73569
2015-01-05,1.82,1.865,1.82,1.83,98900,1.75487
2015-01-06,1.84,1.845,1.805,1.805,116300,1.7309
2015-01-07,1.81,1.81,1.755,1.765,137800,1.69254
2015-01-08,1.76,1.76,1.705,1.725,196600,1.65418
2015-01-09,1.74,1.75,1.715,1.74,172900,1.66857
2015-01-12,1.73,1.785,1.73,1.75,165300,1.67816
2015-01-13,1.77,1.80,1.75,1.78,204200,1.70693
2015-01-14,1.79,1.79,1.75,1.77,101500,1.69734
2015-01-15,1.75,1.76,1.74,1.76,59400,1.68775
2015-01-16,1.77,1.77,1.735,1.735,101100,1.66377
2015-01-19,1.745,1.745,1.705,1.705,145400,1.63501
2015-01-20,1.705,1.73,1.705,1.73,43800,1.65898
2015-01-21,1.74,1.745,1.725,1.74,79300,1.66857
2015-01-22,1.74,1.74,1.715,1.74,59200,1.66857
2015-01-23,1.74,1.74,1.71,1.735,79900,1.66377
2015-01-26,1.735,1.735,1.735,1.735,000,1.66377
2015-01-27,1.74,1.775,1.72,1.77,159700,1.69734
2015-01-28,1.75,1.75,1.73,1.74,263100,1.66857
2015-01-29,1.735,1.74,1.725,1.735,146400,1.66377
2015-01-30,1.735,1.735,1.73,1.735,170700,1.66377
2015-02-02,1.735,1.735,1.72,1.725,164800,1.65418
2015-02-03,1.715,1.725,1.705,1.72,149200,1.64939
2015-02-04,1.72,1.735,1.69,1.73,659500,1.65898
2015-02-05,1.73,1.79,1.725,1.79,202800,1.71652
2015-02-06,1.79,1.815,1.755,1.775,101000,1.70213
2015-02-09,1.78,1.835,1.78,1.82,386200,1.74528
2015-02-10,1.82,1.89,1.82,1.875,218900,1.79803
2015-02-11,1.88,1.925,1.86,1.885,356200,1.80762
2015-02-12,1.89,1.89,1.855,1.855,152300,1.77885
2015-02-13,1.88,1.89,1.87,1.88,103600,1.80282
2015-02-16,1.88,1.935,1.88,1.89,173200,1.81241
2015-02-17,2.00,2.11,2.00,2.03,1343600,1.94666
2015-02-18,2.05,2.08,2.03,2.08,364500,1.99461
2015-02-19,2.08,2.12,2.07,2.10,234600,2.01379
2015-02-20,2.11,2.19,2.09,2.18,349900,2.09051
2015-02-23,2.20,2.25,2.17,2.17,401400,2.08092
2015-02-24,2.18,2.18,2.05,2.09,366200,2.0042
2015-02-25,2.08,2.16,2.08,2.11,273400,2.02338
2015-02-26,2.10,2.16,1.92,2.16,699900,2.07133
2015-02-27,2.16,2.22,2.14,2.20,364700,2.10968
2015-03-02,2.20,2.23,2.15,2.18,269300,2.09051
2015-03-03,2.20,2.21,2.15,2.16,284900,2.07133
2015-03-04,2.15,2.15,2.01,2.09,298700,2.0042
2015-03-05,2.02,2.07,2.00,2.06,103600,2.0043
2015-03-06,2.08,2.17,2.08,2.13,524000,2.0724
2015-03-09,2.07,2.10,2.02,2.08,369400,2.02376
2015-03-10,2.11,2.115,2.05,2.09,158000,2.03349
2015-03-11,2.06,2.23,2.04,2.19,1261200,2.13078
2015-03-12,2.20,2.24,2.115,2.20,577400,2.14051
2015-03-13,2.20,2.20,2.17,2.19,307200,2.13078
2015-03-16,2.20,2.31,2.19,2.30,991700,2.23781
2015-03-17,2.35,2.37,2.28,2.30,542900,2.23781
2015-03-18,2.33,2.33,2.24,2.26,430400,2.19889
2015-03-19,2.30,2.32,2.275,2.31,291600,2.24754
2015-03-20,2.31,2.34,2.28,2.29,2147800,2.22808
2015-03-23,2.33,2.33,2.29,2.33,122600,2.267
2015-03-24,2.33,2.33,2.285,2.33,193000,2.267
2015-03-25,2.33,2.46,2.33,2.46,513800,2.39348
2015-03-26,2.43,2.43,2.33,2.37,378300,2.30591
2015-03-27,2.36,2.39,2.33,2.33,98800,2.267
2015-03-30,2.34,2.34,2.25,2.27,340200,2.20862
2015-03-31,2.27,2.35,2.27,2.32,168500,2.25727
2015-04-01,2.31,2.37,2.29,2.37,346900,2.30591
2015-04-02,2.30,2.39,2.30,2.39,1261500,2.32537
2015-04-03,2.39,2.39,2.39,2.39,000,2.32537
2015-04-06,2.39,2.39,2.39,2.39,000,2.32537
2015-04-07,2.40,2.44,2.37,2.40,337400,2.3351
2015-04-08,2.42,2.42,2.37,2.39,141100,2.32537
2015-04-09,2.38,2.40,2.35,2.37,62900,2.30591
2015-04-10,2.36,2.38,2.31,2.35,306000,2.28646
2015-04-13,2.39,2.40,2.34,2.40,324600,2.3351
2015-04-14,2.38,2.40,2.32,2.36,218000,2.29619
2015-04-15,2.36,2.39,2.32,2.36,239500,2.29619
2015-04-16,2.36,2.40,2.32,2.36,238900,2.29619
2015-04-17,2.37,2.39,2.34,2.37,221100,2.30591
2015-04-20,2.38,2.40,2.35,2.38,218500,2.31564
2015-04-21,2.37,2.41,2.32,2.35,207600,2.28646
2015-04-22,2.37,2.40,2.31,2.31,102000,2.24754
2015-04-23,2.32,2.35,2.31,2.34,37800,2.27673
2015-04-24,2.33,2.37,2.32,2.35,109600,2.28646
2015-04-27,2.34,2.34,2.08,2.20,974600,2.14051
2015-04-28,2.15,2.18,2.00,2.07,1121500,2.01403
2015-04-29,2.08,2.19,2.07,2.15,373100,2.09186
2015-04-30,2.16,2.23,2.14,2.22,409800,2.15997
2015-05-01,2.22,2.24,2.20,2.22,142800,2.15997
2015-05-04,2.22,2.25,2.22,2.24,271600,2.17943
2015-05-05,2.26,2.28,2.24,2.26,259700,2.19889
2015-05-06,2.25,2.25,2.19,2.22,266100,2.15997
2015-05-07,2.16,2.26,2.16,2.23,167700,2.1697
2015-05-08,2.23,2.25,2.16,2.17,236800,2.11132
2015-05-11,2.25,2.26,2.22,2.23,162400,2.1697
2015-05-12,2.25,2.27,2.23,2.25,125100,2.18916
2015-05-13,2.28,2.40,2.27,2.37,530900,2.30591
2015-05-14,2.38,2.38,2.32,2.38,480600,2.31564
2015-05-15,2.38,2.55,2.37,2.48,366900,2.41294
2015-05-18,2.50,2.57,2.46,2.46,349500,2.39348
2015-05-19,2.49,2.49,2.45,2.48,164900,2.41294
2015-05-20,2.48,2.54,2.455,2.54,224700,2.47132
2015-05-21,2.50,2.53,2.47,2.48,307300,2.41294
2015-05-22,2.48,2.52,2.46,2.47,112800,2.40321
2015-05-25,2.46,2.47,2.44,2.47,135300,2.40321
2015-05-26,2.43,2.47,2.41,2.47,168000,2.40321
2015-05-27,2.44,2.65,2.42,2.60,1415600,2.5297
2015-05-28,2.62,2.64,2.56,2.62,260400,2.54915
2015-05-29,2.62,2.64,2.58,2.59,112200,2.51997
2015-06-01,2.59,2.60,2.55,2.55,168200,2.48105
2015-06-02,2.56,2.56,2.47,2.55,174600,2.48105
2015-06-03,2.51,2.53,2.47,2.50,162300,2.4324
2015-06-04,2.50,2.50,2.41,2.47,229400,2.40321
2015-06-05,2.46,2.47,2.40,2.43,132800,2.36429
2015-06-08,2.43,2.43,2.43,2.43,000,2.36429
2015-06-09,2.42,2.50,2.25,2.42,948300,2.35456
2015-06-10,2.40,2.48,2.40,2.41,73100,2.34483
2015-06-11,2.44,2.55,2.44,2.53,490200,2.46159
2015-06-12,2.53,2.56,2.50,2.53,1804300,2.46159
2015-06-15,2.50,2.53,2.47,2.53,114900,2.46159
2015-06-16,2.52,2.53,2.50,2.50,50800,2.4324
2015-06-17,2.47,2.53,2.44,2.52,269700,2.45186
2015-06-18,2.51,2.51,2.44,2.44,749700,2.37402
2015-06-19,2.45,2.50,2.44,2.50,177000,2.4324
2015-06-22,2.48,2.50,2.45,2.45,111900,2.38375
2015-06-23,2.57,2.64,2.56,2.62,1507400,2.54915
2015-06-24,2.65,2.67,2.63,2.65,512200,2.57834
2015-06-25,2.65,2.65,2.62,2.64,158500,2.56861
2015-06-26,2.64,2.68,2.62,2.68,220800,2.60753
2015-06-29,2.68,2.68,2.61,2.64,390900,2.56861
2015-06-30,2.63,2.64,2.61,2.62,240900,2.54915
2015-07-01,2.64,2.75,2.64,2.69,522400,2.61726
2015-07-02,2.73,2.73,2.65,2.67,482600,2.5978
2015-07-03,2.70,2.70,2.64,2.65,315500,2.57834
2015-07-06,2.62,2.62,2.55,2.55,900200,2.48105
2015-07-07,2.59,2.61,2.57,2.57,356700,2.50051
2015-07-08,2.60,2.64,2.59,2.61,362400,2.53943
2015-07-09,2.57,2.66,2.555,2.65,464200,2.57834
2015-07-10,2.68,2.73,2.67,2.73,332000,2.65618
2015-07-13,2.74,2.82,2.73,2.80,615500,2.72429
2015-07-14,2.86,2.89,2.78,2.85,752500,2.77294
2015-07-15,2.88,2.90,2.85,2.85,379000,2.77294
2015-07-16,2.87,2.95,2.87,2.95,401100,2.87023
2015-07-17,2.94,2.95,2.86,2.89,403300,2.81185
2015-07-20,2.91,3.08,2.91,3.01,536800,2.92861
2015-07-21,3.05,3.12,3.03,3.08,766000,2.99672
2015-07-22,3.09,3.09,2.97,3.02,746000,2.93834
2015-07-23,3.00,3.07,2.91,2.99,852400,2.90915
2015-07-24,2.96,2.96,2.80,2.81,632200,2.73402
2015-07-27,2.85,2.94,2.81,2.93,371400,2.85077
2015-07-28,2.92,2.93,2.87,2.92,195100,2.84104
2015-07-29,2.92,3.00,2.91,2.99,420300,2.90915
2015-07-30,3.00,3.00,2.96,2.97,229600,2.88969
2015-07-31,2.98,2.99,2.88,2.94,206400,2.8605
2015-08-03,2.98,3.00,2.92,2.92,226800,2.84104
2015-08-04,2.97,2.97,2.92,2.95,202500,2.87023
2015-08-05,2.97,3.01,2.93,2.98,232100,2.89942
2015-08-06,2.97,3.00,2.94,2.96,152300,2.87996
2015-08-07,2.96,2.96,2.885,2.90,233800,2.82158
2015-08-10,2.89,2.94,2.88,2.93,89600,2.85077
2015-08-11,2.95,2.96,2.91,2.95,282700,2.87023
2015-08-12,2.92,2.92,2.81,2.90,289400,2.82158
2015-08-13,2.88,2.92,2.85,2.87,316300,2.79239
2015-08-14,2.86,2.86,2.61,2.70,635300,2.62699
2015-08-17,2.68,2.70,2.62,2.68,317100,2.60753
2015-08-18,2.70,2.70,2.65,2.66,182100,2.58807
2015-08-19,2.67,2.75,2.61,2.75,446000,2.67564
2015-08-20,2.70,2.76,2.70,2.75,450600,2.67564
2015-08-21,2.74,2.76,2.73,2.74,276700,2.66591
2015-08-24,2.69,2.69,2.50,2.52,915000,2.45186
2015-08-25,2.50,2.51,2.30,2.45,1437200,2.38375
2015-08-26,2.45,2.50,2.45,2.49,473800,2.42267
2015-08-27,2.52,2.73,2.52,2.64,657000,2.56861
2015-08-28,2.77,2.85,2.75,2.84,799000,2.76321
2015-08-31,2.90,2.97,2.79,2.87,558400,2.79239
2015-09-01,2.87,2.90,2.82,2.87,480600,2.79239
2015-09-02,2.84,2.87,2.80,2.84,308100,2.76321
2015-09-03,2.98,2.98,2.73,2.76,469900,2.68537
2015-09-04,2.75,2.76,2.70,2.70,310800,2.62699
2015-09-07,2.72,2.72,2.64,2.68,203100,2.64744
2015-09-08,2.70,2.72,2.66,2.71,282500,2.67708
2015-09-09,2.74,2.77,2.68,2.72,432400,2.68695
2015-09-10,2.74,2.85,2.68,2.84,257800,2.8055
2015-09-11,2.85,3.03,2.83,3.01,596700,2.97343
2015-09-14,3.00,3.09,2.87,3.07,742900,3.0327
2015-09-15,3.02,3.12,2.96,3.04,470000,3.00307
2015-09-16,3.06,3.11,3.05,3.10,367100,3.06234
2015-09-17,3.10,3.10,3.02,3.02,406800,2.98331
2015-09-18,3.06,3.08,2.95,3.01,590000,2.97343
2015-09-21,3.01,3.07,2.98,3.06,245800,3.02282
2015-09-22,3.03,3.09,3.02,3.04,141200,3.00307
2015-09-23,3.02,3.06,3.00,3.04,164400,3.00307
2015-09-24,3.04,3.05,3.00,3.01,558000,2.97343
2015-09-25,3.00,3.06,3.00,3.05,430700,3.01294
2015-09-28,3.05,3.13,3.01,3.10,397300,3.06234
2015-09-29,3.06,3.07,2.96,3.02,757200,2.98331
2015-09-30,3.01,3.10,3.00,3.10,234100,3.06234
2015-10-01,3.08,3.09,2.98,3.03,293100,2.99319
2015-10-02,3.05,3.05,3.00,3.02,68200,2.98331
2015-10-05,3.02,3.05,3.00,3.01,81500,2.97343
2015-10-06,3.01,3.09,3.00,3.09,232600,3.05246
2015-10-07,3.09,3.09,3.00,3.00,148500,2.96355
2015-10-08,3.02,3.03,2.99,3.00,227500,2.96355
2015-10-09,3.01,3.02,2.98,2.98,115300,2.9438
2015-10-12,2.98,3.00,2.90,2.92,146900,2.88452
2015-10-13,2.92,2.93,2.80,2.82,258900,2.78574
2015-10-14,2.80,2.84,2.75,2.82,255100,2.78574
2015-10-15,2.82,2.84,2.80,2.81,234000,2.77586
2015-10-16,2.83,2.90,2.82,2.90,154100,2.86477
2015-10-19,2.88,2.95,2.88,2.93,185300,2.8944
2015-10-20,2.93,2.95,2.89,2.95,211000,2.91416
2015-10-21,2.95,2.96,2.89,2.89,263300,2.85489
2015-10-22,2.87,2.95,2.86,2.94,108000,2.90428
2015-10-23,2.97,2.97,2.91,2.97,137100,2.93392
2015-10-26,2.97,3.05,2.96,3.05,363700,3.01294
2015-10-27,3.06,3.16,3.02,3.16,401600,3.12161
2015-10-28,3.16,3.23,3.16,3.19,403800,3.15124
2015-10-29,3.20,3.20,3.11,3.14,205300,3.10185
2015-10-30,3.14,3.14,3.04,3.06,161300,3.02282
2015-11-02,3.07,3.07,2.99,3.03,230800,2.99319
2015-11-03,3.06,3.07,3.04,3.06,124700,3.02282
2015-11-04,3.06,3.06,3.04,3.06,184300,3.02282
2015-11-05,3.04,3.05,3.02,3.04,196600,3.00307
2015-11-06,3.04,3.04,2.99,3.00,669800,2.96355
2015-11-09,3.00,3.00,2.93,2.95,154500,2.91416
2015-11-10,2.93,2.93,2.81,2.83,398900,2.79562
2015-11-11,2.85,2.90,2.84,2.85,350000,2.81537
2015-11-12,2.84,2.85,2.75,2.80,281300,2.76598
2015-11-13,2.79,2.795,2.60,2.64,1094100,2.60793
2015-11-16,2.60,2.80,2.60,2.80,554600,2.76598
2015-11-17,2.79,2.81,2.66,2.80,329100,2.76598
2015-11-18,2.80,2.93,2.76,2.93,478600,2.8944
2015-11-19,2.93,2.96,2.88,2.96,206000,2.92404
2015-11-20,2.95,2.95,2.88,2.92,132900,2.88452
2015-11-23,2.95,2.95,2.84,2.87,265800,2.83513
2015-11-24,2.86,2.93,2.86,2.88,133600,2.84501
2015-11-25,2.87,2.88,2.85,2.85,122500,2.81537
2015-11-26,2.86,2.86,2.71,2.80,327600,2.76598
2015-11-27,2.80,2.80,2.70,2.70,244500,2.6672
2015-11-30,2.72,2.82,2.71,2.82,468300,2.78574
2015-12-01,2.75,2.79,2.71,2.78,558000,2.74622
2015-12-02,2.77,2.77,2.63,2.64,365300,2.60793
2015-12-03,2.61,2.62,2.42,2.52,1201100,2.48938
2015-12-04,2.50,2.61,2.48,2.53,566300,2.49926
2015-12-07,2.58,2.63,2.50,2.51,668600,2.47951
2015-12-08,2.53,2.61,2.52,2.58,273600,2.54865
2015-12-09,2.60,2.60,2.52,2.54,205600,2.50914
2015-12-10,2.54,2.58,2.51,2.58,333600,2.54865
2015-12-11,2.58,2.58,2.55,2.58,310000,2.54865
2015-12-14,2.56,2.56,2.52,2.53,219000,2.49926
2015-12-15,2.54,2.62,2.52,2.58,297000,2.54865
2015-12-16,2.72,2.78,2.71,2.75,402700,2.71659
2015-12-17,2.79,2.85,2.71,2.74,429700,2.70671
2015-12-18,3.00,3.25,3.00,3.24,1310100,3.20064
2015-12-21,3.26,3.52,3.26,3.47,1109100,3.42784
2015-12-22,3.49,3.49,3.24,3.33,656000,3.28954
2015-12-23,3.36,3.40,3.31,3.35,186200,3.3093
2015-12-24,3.35,3.35,3.31,3.32,42500,3.27966
2015-12-25,3.32,3.32,3.32,3.32,000,3.27966
2015-12-28,3.32,3.32,3.32,3.32,000,3.27966
2015-12-29,3.36,3.45,3.36,3.42,319900,3.37845
2015-12-30,3.42,3.43,3.34,3.40,156700,3.35869
2015-12-31,3.40,3.44,3.36,3.44,109800,3.39821
2016-01-01,3.44,3.44,3.44,3.44,000,3.39821
2016-01-04,3.45,3.45,3.34,3.36,189400,3.31918
2016-01-05,3.35,3.40,3.30,3.37,188500,3.32906
2016-01-06,3.37,3.41,3.34,3.37,253200,3.32906
2016-01-07,3.37,3.37,3.31,3.34,247600,3.29942
2016-01-08,3.34,3.35,3.28,3.31,287300,3.26979
2016-01-11,3.35,3.35,3.25,3.28,185900,3.24015
2016-01-12,3.28,3.37,3.27,3.35,248600,3.3093
2016-01-13,3.34,3.35,3.25,3.26,435100,3.22039
2016-01-14,3.26,3.30,3.21,3.26,682600,3.22039
2016-01-15,3.31,3.35,3.29,3.30,611300,3.25991
2016-01-18,3.30,3.36,3.20,3.35,466700,3.3093
2016-01-19,3.36,3.44,3.32,3.41,380900,3.36857
2016-01-20,3.41,3.47,3.38,3.39,661900,3.34881
2016-01-21,3.35,3.43,3.35,3.42,469600,3.37845
2016-01-22,3.45,3.51,3.45,3.49,414000,3.4476
2016-01-25,3.50,3.73,3.50,3.73,310000,3.68468
2016-01-26,3.73,3.73,3.73,3.73,000,3.68468
2016-01-27,3.75,3.80,3.57,3.62,417100,3.57602
2016-01-28,3.67,3.68,3.57,3.62,292400,3.57602
2016-01-29,3.63,3.70,3.63,3.68,311100,3.63529
2016-02-01,3.69,3.69,3.62,3.63,198600,3.5859
2016-02-02,3.65,3.65,3.30,3.46,454100,3.41796
2016-02-03,3.45,3.56,3.37,3.54,262700,3.49699
2016-02-04,3.56,3.65,3.54,3.56,256200,3.51675
2016-02-05,3.56,3.56,3.40,3.50,227900,3.45748
2016-02-08,3.50,3.53,3.32,3.33,321500,3.28954
2016-02-09,3.30,3.30,3.08,3.12,1082000,3.08209
2016-02-10,3.15,3.27,3.12,3.25,518200,3.21051
2016-02-11,3.29,3.40,3.20,3.36,193700,3.31918
2016-02-12,3.33,3.33,3.14,3.24,415300,3.20064
2016-02-15,3.55,3.64,3.28,3.47,607500,3.42784
2016-02-16,3.55,3.60,3.51,3.53,454200,3.48711
2016-02-17,3.60,3.78,3.58,3.78,657100,3.73408
2016-02-18,3.82,3.86,3.66,3.79,424200,3.74395
2016-02-19,3.79,3.84,3.73,3.82,309700,3.77359
2016-02-22,3.83,3.98,3.83,3.98,512200,3.93165
2016-02-23,3.98,3.98,3.74,3.79,292400,3.74395
2016-02-24,3.76,3.83,3.74,3.76,173600,3.71432
2016-02-25,3.78,3.79,3.62,3.62,436800,3.57602
2016-02-26,3.65,3.68,3.62,3.67,239200,3.62541
2016-02-29,3.65,3.68,3.49,3.58,403500,3.53651
2016-03-01,3.60,3.70,3.55,3.67,405700,3.62541
2016-03-02,3.67,3.80,3.60,3.70,330300,3.65505
2016-03-03,3.70,3.74,3.60,3.63,133000,3.5859
2016-03-04,3.62,3.62,3.49,3.49,260500,3.4476
2016-03-07,3.60,3.60,3.35,3.45,1452600,3.40809
2016-03-08,3.40,3.40,3.33,3.35,248700,3.3093
2016-03-09,3.395,3.46,3.37,3.40,330500,3.40
2016-03-10,3.42,3.52,3.365,3.44,365800,3.44
2016-03-11,3.43,3.56,3.43,3.51,329600,3.51
2016-03-14,3.55,3.56,3.44,3.45,146500,3.45
2016-03-15,3.50,3.54,3.45,3.48,129600,3.48
2016-03-16,3.46,3.55,3.46,3.53,151000,3.53
2016-03-17,3.53,3.55,3.42,3.42,214600,3.42
2016-03-18,3.45,3.62,3.42,3.62,750800,3.62
2016-03-21,3.63,3.65,3.515,3.58,313100,3.58
2016-03-22,3.58,3.65,3.56,3.63,155400,3.63
2016-03-23,3.63,3.63,3.57,3.60,226300,3.60
2016-03-24,3.60,3.73,3.60,3.71,152100,3.71
2016-03-25,3.71,3.71,3.71,3.71,000,3.71
2016-03-28,3.71,3.71,3.71,3.71,000,3.71
2016-03-29,3.71,3.78,3.66,3.69,193900,3.69
2016-03-30,3.70,3.74,3.65,3.74,169400,3.74
2016-03-31,3.74,3.80,3.725,3.80,168000,3.80
2016-04-01,3.80,3.92,3.78,3.89,278700,3.89
2016-04-04,3.95,3.95,3.68,3.71,315500,3.71
2016-04-05,3.72,3.76,3.66,3.68,136500,3.68
2016-04-06,3.66,3.775,3.66,3.70,267300,3.70
2016-04-07,3.69,3.79,3.67,3.77,173900,3.77
2016-04-08,3.74,3.76,3.70,3.72,120600,3.72
2016-04-11,3.72,3.75,3.67,3.67,125800,3.67
2016-04-12,3.68,3.68,3.60,3.63,320600,3.63
2016-04-13,3.63,3.66,3.60,3.62,309000,3.62
2016-04-14,3.62,3.64,3.60,3.62,752300,3.62
2016-04-15,3.65,3.73,3.60,3.62,820400,3.62


2016-04-18,3.64,3.66,3.58,3.63,482400,3.63
2016-04-19,3.66,3.70,3.62,3.63,436800,3.63
2016-04-20,3.64,3.655,3.45,3.45,376400,3.45
2016-04-21,3.42,3.47,3.39,3.46,391100,3.46
2016-04-22,3.46,3.46,3.39,3.39,177500,3.39


2016-04-25,3.39,3.39,3.39,3.39,000,3.39
2016-04-26,3.35,3.37,3.23,3.36,444000,3.36
2016-04-27,3.36,3.46,3.36,3.44,307400,3.44
2016-04-28,3.46,3.54,3.45,3.49,230800,3.49
2016-04-29,3.52,3.52,3.37,3.39,180600,3.39


2016-05-02,3.39,3.40,3.35,3.38,249300,3.38
2016-05-03,3.38,3.64,3.36,3.63,478300,3.63
2016-05-04,3.60,3.60,3.46,3.52,259300,3.52
2016-05-05,3.52,3.57,3.50,3.53,235600,3.53
2016-05-06,3.53,3.59,3.53,3.58,223300,3.58


2016-05-09,3.58,3.665,3.55,3.61,229000,3.61
2016-05-10,3.66,3.71,3.62,3.63,435200,3.63
2016-05-11,3.65,3.65,3.56,3.61,317500,3.61
2016-05-12,3.60,3.62,3.55,3.60,458500,3.60
2016-05-13,3.60,3.80,3.59,3.71,695900,3.71


2016-05-16,3.73,3.78,3.51,3.51,503500,3.51
2016-05-17,3.55,3.59,3.51,3.53,270800,3.53
2016-05-18,3.56,3.565,3.49,3.51,489500,3.51
2016-05-19,3.54,3.59,3.52,3.57,567200,3.57
2016-05-20,3.57,3.62,3.565,3.58,336800,3.58


2016-05-23,3.59,3.62,3.57,3.60,240300,3.60
2016-05-24,3.62,3.64,3.59,3.61,386600,3.61
2016-05-25,3.65,3.69,3.625,3.66,213600,3.66
2016-05-26,3.67,3.75,3.66,3.75,283200,3.75
2016-05-27,3.75,3.79,3.67,3.79,343400,3.79


2016-05-30,3.80,3.85,3.75,3.83,235600,3.83
2016-05-31,3.82,3.82,3.64,3.67,2746000,3.67
2016-06-01,3.67,3.74,3.67,3.69,322400,3.69
2016-06-02,3.72,3.89,3.705,3.87,369800,3.87
2016-06-03,3.85,3.90,3.83,3.89,295100,3.89


2016-06-06,3.88,3.88,3.76,3.79,170400,3.79
2016-06-07,3.80,3.84,3.75,3.84,236100,3.84
2016-06-08,3.82,3.89,3.78,3.79,136500,3.79
2016-06-09,3.79,3.82,3.70,3.75,418800,3.75
2016-06-10,3.75,3.77,3.70,3.72,162300,3.72


2016-06-13,3.72,3.72,3.72,3.72,000,3.72
2016-06-14,3.69,3.69,3.55,3.60,554500,3.60
