Date,Open,High,Low,Close,Volume,Adj Close
2015-01-01,9.39,9.39,9.39,9.39,000,8.29623
2015-01-02,9.38,9.45,9.30,9.41,208500,8.3139
2015-01-05,9.35,9.70,9.32,9.62,464100,8.49944
2015-01-06,9.48,9.49,9.05,9.31,925500,8.22555
2015-01-07,9.25,9.26,8.89,8.96,667600,7.91632
2015-01-08,9.11,9.13,8.78,8.97,332300,7.92515
2015-01-09,9.20,9.30,9.01,9.20,343300,8.12836
2015-01-12,9.06,9.42,9.02,9.10,320500,8.04001
2015-01-13,9.03,9.08,8.81,8.88,439700,7.84564
2015-01-14,8.94,8.94,8.62,8.70,656100,7.6866
2015-01-15,8.60,8.63,8.50,8.51,633300,7.51874
2015-01-16,8.50,8.62,8.47,8.50,1150000,7.5099
2015-01-19,8.61,9.19,8.61,8.79,685400,7.76612
2015-01-20,8.79,8.995,8.69,8.84,504700,7.8103
2015-01-21,8.83,9.15,8.76,8.79,766700,7.76612
2015-01-22,8.85,8.92,8.62,8.67,541600,7.6601
2015-01-23,8.91,8.91,8.67,8.81,318200,7.78379
2015-01-26,8.81,8.81,8.81,8.81,000,7.78379
2015-01-27,8.78,8.78,8.41,8.45,566500,7.46572
2015-01-28,8.39,8.52,8.28,8.38,624500,7.40388
2015-01-29,8.32,8.38,8.19,8.31,547900,7.34203
2015-01-30,8.39,8.45,8.11,8.16,1283900,7.2095
2015-02-02,8.17,8.265,7.87,8.06,889400,7.12115
2015-02-03,8.09,8.47,8.08,8.42,687300,7.43922
2015-02-04,8.53,8.91,8.53,8.88,977800,7.84564
2015-02-05,8.90,9.09,8.65,9.04,641600,7.987
2015-02-06,9.11,9.11,8.75,8.93,435100,7.88981
2015-02-09,8.92,9.07,8.88,9.05,405000,7.99584
2015-02-10,9.18,9.445,9.08,9.24,738600,8.1637
2015-02-11,9.30,9.48,8.88,8.97,331800,7.92515
2015-02-12,8.98,9.00,8.20,8.65,644400,7.64243
2015-02-13,8.90,9.09,8.79,8.97,508100,7.92515
2015-02-16,9.25,9.74,9.195,9.54,788700,8.42876
2015-02-17,9.82,10.30,9.385,9.51,1588300,8.40225
2015-02-18,9.50,9.58,9.00,9.53,1703200,8.41992
2015-02-19,9.62,9.63,9.25,9.34,899500,8.25206
2015-02-20,9.50,9.50,9.335,9.39,642300,8.29623
2015-02-23,9.36,9.73,9.28,9.67,459200,8.54362
2015-02-24,9.70,9.71,9.25,9.32,805700,8.23439
2015-02-25,9.32,9.59,9.31,9.59,648400,8.47294
2015-02-26,9.60,9.75,9.41,9.74,521400,8.60546
2015-02-27,9.76,9.76,9.51,9.60,603900,8.48177
2015-03-02,9.61,9.61,9.42,9.44,507000,8.34041
2015-03-03,9.58,9.65,9.455,9.58,754600,8.4641
2015-03-04,9.61,9.65,9.42,9.45,531500,8.34924
2015-03-05,9.45,9.54,9.40,9.50,601500,8.39342
2015-03-06,9.50,10.00,9.47,9.89,1268300,8.73799
2015-03-09,9.83,9.88,9.67,9.78,591000,8.6408
2015-03-10,9.30,9.30,8.71,8.80,1027800,8.33501
2015-03-11,8.75,8.75,8.37,8.48,1100500,8.03191
2015-03-12,8.50,8.88,8.50,8.84,983800,8.37289
2015-03-13,8.95,9.22,8.85,9.10,916700,8.61915
2015-03-16,9.19,9.73,9.19,9.56,1881700,9.05485
2015-03-17,9.58,10.16,9.42,9.80,1837600,9.28217
2015-03-18,9.99,10.60,9.59,10.47,1891000,9.91676
2015-03-19,10.75,11.60,10.68,11.07,2562700,10.48506
2015-03-20,10.89,11.45,10.51,11.36,8658000,10.75974
2015-03-23,11.40,13.01,11.12,13.00,3026200,12.31308
2015-03-24,12.35,12.46,11.74,12.00,2539900,11.36592
2015-03-25,11.80,11.80,10.83,10.99,2625900,10.40929
2015-03-26,10.32,10.44,9.83,10.11,2287900,9.57579
2015-03-27,9.99,10.30,9.95,10.28,681200,9.7368
2015-03-30,10.19,10.21,9.99,10.19,556300,9.65156
2015-03-31,10.27,10.34,9.94,9.99,609400,9.46213
2015-04-01,9.99,10.05,9.77,9.86,617900,9.339
2015-04-02,9.88,9.88,9.50,9.65,602600,9.14009
2015-04-03,9.65,9.65,9.65,9.65,000,9.14009
2015-04-06,9.65,9.65,9.65,9.65,000,9.14009
2015-04-07,9.71,9.96,9.63,9.67,588300,9.15904
2015-04-08,9.76,10.08,9.72,9.93,463900,9.4053
2015-04-09,9.88,9.95,9.63,9.83,499500,9.31058
2015-04-10,9.91,9.93,9.62,9.66,442900,9.14956
2015-04-13,9.50,9.55,9.20,9.29,563000,8.79911
2015-04-14,9.12,9.50,9.12,9.48,663800,8.97907
2015-04-15,9.32,9.40,9.21,9.28,477900,8.78964
2015-04-16,9.28,9.48,9.21,9.32,659600,8.82753
2015-04-17,9.30,9.39,9.12,9.14,494400,8.65704
2015-04-20,9.10,9.10,8.92,8.96,327300,8.48655
2015-04-21,8.99,9.15,8.98,9.05,287300,8.5718
2015-04-22,9.00,9.39,9.00,9.32,356200,8.82753
2015-04-23,9.32,9.88,9.28,9.54,501300,9.0359
2015-04-24,9.61,9.79,9.48,9.66,581600,9.14956
2015-04-27,9.72,10.09,9.72,10.07,526400,9.5379
2015-04-28,10.12,10.405,10.03,10.05,629800,9.51896
2015-04-29,9.81,9.91,9.66,9.82,395300,9.30111
2015-04-30,9.75,10.13,9.71,9.92,531500,9.39583
2015-05-01,9.92,10.05,9.81,9.99,320400,9.46213
2015-05-04,10.15,10.29,9.60,9.91,739200,9.38635
2015-05-05,10.00,10.04,9.78,9.84,312900,9.32005
2015-05-06,9.83,10.18,9.75,9.76,502500,9.24428
2015-05-07,9.60,10.01,9.54,9.99,546100,9.46213
2015-05-08,9.79,9.99,9.62,9.62,411600,9.11168
2015-05-11,9.82,9.94,9.80,9.88,263500,9.35794
2015-05-12,9.81,10.31,9.80,10.22,504200,9.67997
2015-05-13,10.35,11.05,10.25,10.87,743500,10.29563
2015-05-14,10.75,10.79,10.10,10.32,642100,9.77469
2015-05-15,10.44,10.68,10.23,10.28,429400,9.7368
2015-05-18,10.22,10.51,10.22,10.38,264200,9.83152
2015-05-19,10.41,10.62,10.41,10.50,549400,9.94518
2015-05-20,10.50,10.60,10.27,10.56,352900,10.00201
2015-05-21,10.48,11.06,10.48,10.85,419800,10.27668
2015-05-22,10.89,11.24,10.76,10.94,303300,10.36193
2015-05-25,10.95,11.06,10.81,11.03,316700,10.44717
2015-05-26,10.97,11.58,10.97,11.43,336700,10.82604
2015-05-27,11.32,11.48,11.14,11.40,330000,10.79762
2015-05-28,11.43,11.50,11.28,11.45,295800,10.84498
2015-05-29,11.41,11.75,11.16,11.17,520000,10.57978
2015-06-01,11.17,11.18,10.68,11.17,366200,10.57978
2015-06-02,11.12,11.12,10.43,10.61,381500,10.04937
2015-06-03,10.55,10.74,10.325,10.62,388300,10.05884
2015-06-04,10.55,10.67,10.33,10.50,447900,9.94518
2015-06-05,10.45,10.83,10.42,10.68,309600,10.11567
2015-06-08,10.68,10.68,10.68,10.68,000,10.11567
2015-06-09,10.67,10.86,10.47,10.56,271300,10.00201
2015-06-10,10.79,10.79,10.61,10.69,205400,10.12514
2015-06-11,10.69,10.69,10.69,10.69,000,10.12514
2015-06-12,10.69,10.69,10.69,10.69,000,10.12514
2015-06-15,10.07,10.48,9.99,10.20,682300,9.66103
2015-06-16,10.21,10.30,9.55,9.59,886400,9.08326
2015-06-17,9.64,9.745,9.51,9.65,574300,9.14009
2015-06-18,9.69,10.19,9.69,10.01,809100,9.48107
2015-06-19,10.07,10.25,9.82,9.82,725900,9.30111
2015-06-22,9.75,10.22,9.70,10.21,552800,9.6705
2015-06-23,10.28,10.47,10.11,10.15,507900,9.61367
2015-06-24,10.14,10.32,9.91,10.15,470500,9.61367
2015-06-25,10.08,10.15,9.80,9.80,465800,9.28217
2015-06-26,9.55,9.66,9.22,9.25,710700,8.76123
2015-06-29,9.20,9.20,8.84,9.13,620200,8.64757
2015-06-30,9.00,9.47,8.99,9.37,692600,8.87489
2015-07-01,9.30,9.49,9.29,9.41,244900,8.91277
2015-07-02,9.39,9.79,9.37,9.60,483000,9.09273
2015-07-03,9.50,9.56,9.15,9.27,356800,8.78017
2015-07-06,9.06,9.16,8.92,8.92,406100,8.44867
2015-07-07,8.99,9.16,8.96,8.99,428500,8.51497
2015-07-08,8.92,9.00,8.65,8.71,395200,8.24976
2015-07-09,8.61,8.81,8.42,8.67,673800,8.21188
2015-07-10,8.77,9.05,8.47,8.59,569700,8.1361
2015-07-13,8.64,8.77,8.43,8.51,485300,8.06033
2015-07-14,8.71,8.85,8.66,8.78,364800,8.31606
2015-07-15,8.87,8.99,8.69,8.75,283900,8.28765
2015-07-16,8.89,8.94,8.62,8.67,426200,8.21188
2015-07-17,8.71,8.83,8.59,8.69,393900,8.23082
2015-07-20,8.71,8.71,8.45,8.56,366500,8.10769
2015-07-21,8.61,8.66,8.50,8.50,459400,8.05086
2015-07-22,8.49,8.69,8.44,8.62,607000,8.16452
2015-07-23,8.66,8.755,8.56,8.65,354300,8.19293
2015-07-24,8.52,8.79,8.51,8.70,490400,8.24029
2015-07-27,8.70,8.73,8.53,8.61,305800,8.15505
2015-07-28,8.50,8.82,8.38,8.61,734700,8.15505
2015-07-29,8.75,9.06,8.69,8.74,523700,8.27818
2015-07-30,8.83,8.92,8.65,8.70,295200,8.24029
2015-07-31,8.72,8.79,8.52,8.55,294900,8.09822
2015-08-03,8.53,8.55,7.98,8.00,774400,7.57728
2015-08-04,8.00,8.14,7.82,7.88,585500,7.46362
2015-08-05,7.85,8.09,7.76,7.95,534800,7.52992
2015-08-06,7.85,7.92,7.54,7.56,664100,7.16053
2015-08-07,7.51,7.65,7.42,7.58,475000,7.17947
2015-08-10,7.60,7.89,7.56,7.70,446600,7.29313
2015-08-11,7.79,7.90,7.64,7.67,292900,7.26472
2015-08-12,7.63,7.76,7.36,7.38,346300,6.99004
2015-08-13,7.38,7.60,7.33,7.36,485600,6.9711
2015-08-14,7.30,7.31,7.10,7.16,373400,6.78166
2015-08-17,7.25,7.45,7.06,7.25,385000,6.86691
2015-08-18,7.34,8.02,7.32,7.32,1454000,6.93321
2015-08-19,7.38,7.43,6.98,6.99,1226600,6.62065
2015-08-20,6.98,7.00,6.72,6.81,699800,6.45016
2015-08-21,6.77,6.77,6.52,6.71,1000900,6.35544
2015-08-24,6.50,6.85,6.50,6.58,1160600,6.23231
2015-08-25,6.51,7.19,6.50,6.76,1161100,6.4028
2015-08-26,7.20,7.56,6.99,7.12,1405900,6.74378
2015-08-27,7.37,7.46,7.17,7.32,614100,6.93321
2015-08-28,7.40,7.59,7.19,7.38,993400,6.99004
2015-08-31,7.32,7.56,7.30,7.51,386000,7.11317
2015-09-01,7.45,7.50,7.19,7.22,701100,6.83849
2015-09-02,7.08,7.10,6.87,7.07,1084500,6.69642
2015-09-03,7.15,7.45,7.13,7.36,575500,6.9711
2015-09-04,7.38,7.39,7.07,7.09,596600,6.71536
2015-09-07,7.09,7.29,7.02,7.23,223100,6.84797
2015-09-08,7.19,7.27,7.04,7.27,529600,6.88585
2015-09-09,6.72,6.92,6.68,6.81,455500,6.45016
2015-09-10,6.69,6.70,6.51,6.57,805600,6.22284
2015-09-11,6.61,6.69,6.53,6.63,413500,6.27967
2015-09-14,6.72,6.78,6.32,6.36,551400,6.02394
2015-09-15,6.35,6.44,6.22,6.24,402600,5.91028
2015-09-16,6.20,6.35,6.09,6.30,639000,5.96711
2015-09-17,6.35,6.68,6.35,6.52,660300,6.17548
2015-09-18,6.52,6.59,6.42,6.50,271700,6.15654
2015-09-21,6.39,6.49,6.28,6.44,317200,6.09971
2015-09-22,6.50,6.56,6.40,6.44,215800,6.09971
2015-09-23,6.36,6.53,6.33,6.46,396900,6.11865
2015-09-24,6.47,6.47,6.20,6.26,614400,5.92922
2015-09-25,6.30,6.32,6.10,6.19,557100,5.86292
2015-09-28,6.19,6.31,6.13,6.31,271400,5.97658
2015-09-29,6.11,6.15,6.00,6.09,749600,5.7682
2015-09-30,6.07,6.17,6.02,6.14,530600,5.81556
2015-10-01,6.20,6.43,6.20,6.43,369700,6.09024
2015-10-02,6.34,6.58,6.31,6.55,445500,6.2039
2015-10-05,6.55,6.76,6.52,6.66,436600,6.30808
2015-10-06,6.75,6.91,6.72,6.84,423700,6.47857
2015-10-07,6.85,6.98,6.79,6.96,421900,6.59223
2015-10-08,7.00,7.06,6.85,6.86,570900,6.49752
2015-10-09,6.99,7.35,6.99,7.20,721000,6.81955
2015-10-12,7.25,7.26,7.06,7.20,412000,6.81955
2015-10-13,7.23,7.30,6.96,6.99,369200,6.62065
2015-10-14,6.95,7.03,6.70,6.90,375000,6.5354
2015-10-15,6.90,7.15,6.88,7.08,291400,6.70589
2015-10-16,7.16,7.50,7.16,7.32,620900,6.93321
2015-10-19,7.31,7.34,7.11,7.16,293600,6.78166
2015-10-20,7.15,7.19,6.90,6.96,443700,6.59223
2015-10-21,6.98,7.58,6.93,7.45,947400,7.05634
2015-10-22,7.42,7.53,7.13,7.17,366400,6.79114
2015-10-23,7.29,7.35,7.25,7.31,300300,6.92374
2015-10-26,7.33,7.38,7.23,7.25,216000,6.86691
2015-10-27,7.25,7.27,6.91,6.97,394600,6.6017
2015-10-28,6.93,6.98,6.83,6.93,383100,6.56382
2015-10-29,7.02,7.10,6.78,6.84,384500,6.47857
2015-10-30,6.82,7.09,6.80,6.92,518900,6.55435
2015-11-02,7.00,7.10,6.98,7.04,364100,6.66801
2015-11-03,7.08,7.37,7.08,7.36,491700,6.9711
2015-11-04,7.40,7.53,7.355,7.37,466000,6.98057
2015-11-05,7.36,7.48,7.325,7.37,306900,6.98057
2015-11-06,7.38,7.40,7.16,7.20,244500,6.81955
2015-11-09,7.12,7.19,7.05,7.06,252000,6.68695
2015-11-10,7.03,7.13,6.94,7.11,310000,6.73431
2015-11-11,7.09,7.09,6.81,6.87,440200,6.50699
2015-11-12,6.90,6.94,6.81,6.88,221300,6.51646
2015-11-13,6.81,6.81,6.55,6.61,505700,6.26073
2015-11-16,6.55,6.56,6.44,6.48,298300,6.1376
2015-11-17,6.58,6.88,6.55,6.82,594000,6.45963
2015-11-18,6.79,6.94,6.64,6.78,354000,6.42174
2015-11-19,6.83,6.95,6.80,6.94,395300,6.57329
2015-11-20,6.96,6.97,6.70,6.71,336900,6.35544
2015-11-23,6.71,6.75,6.54,6.62,278800,6.2702
2015-11-24,6.59,6.62,6.33,6.35,581200,6.01446
2015-11-25,6.40,6.49,6.29,6.42,403700,6.08077
2015-11-26,6.45,6.52,6.34,6.36,283700,6.02394
2015-11-27,6.35,6.44,6.29,6.33,250800,5.99552
2015-11-30,6.29,6.37,6.20,6.21,360900,5.88186
2015-12-01,6.24,6.36,6.19,6.33,278400,5.99552
2015-12-02,6.33,6.33,6.17,6.23,230800,5.90081
2015-12-03,6.15,6.25,6.11,6.18,386100,5.85345
2015-12-04,6.09,6.21,6.04,6.15,532800,5.82503
2015-12-07,6.23,6.32,6.03,6.08,455500,5.75873
2015-12-08,6.06,6.09,6.02,6.07,621800,5.74926
2015-12-09,6.03,6.19,5.91,6.06,896800,5.73979
2015-12-10,5.98,6.04,5.91,6.02,664100,5.7019
2015-12-11,5.99,6.02,5.78,5.81,423700,5.503
2015-12-14,5.75,5.76,5.53,5.56,639100,5.26621
2015-12-15,5.54,5.61,5.32,5.36,394900,5.07678
2015-12-16,5.40,5.63,5.38,5.63,481600,5.33251
2015-12-17,5.77,5.92,5.69,5.90,661600,5.58824
2015-12-18,5.81,5.955,5.68,5.93,954700,5.61666
2015-12-21,5.89,6.00,5.76,5.84,488800,5.53141
2015-12-22,6.00,6.02,5.70,5.76,415400,5.45564
2015-12-23,5.80,6.23,5.80,6.19,364900,5.86292
2015-12-24,6.33,6.35,6.11,6.13,270300,5.80609
2015-12-25,6.13,6.13,6.13,6.13,000,5.80609
2015-12-28,6.13,6.13,6.13,6.13,000,5.80609
2015-12-29,6.26,6.78,6.20,6.78,428100,6.42174
2015-12-30,6.90,6.91,6.56,6.60,405200,6.25125
2015-12-31,6.65,6.81,6.57,6.57,218900,6.22284
2016-01-01,6.57,6.57,6.57,6.57,000,6.22284
2016-01-04,6.56,6.93,6.56,6.89,282000,6.52593
2016-01-05,6.65,6.90,6.63,6.68,516100,6.32703
2016-01-06,6.74,6.80,6.60,6.65,275000,6.29861
2016-01-07,6.60,6.63,6.25,6.40,517900,6.06182
2016-01-08,6.24,6.76,6.23,6.72,700500,6.36491
2016-01-11,6.59,6.75,6.46,6.72,341900,6.36491
2016-01-12,6.70,6.71,6.49,6.53,324000,6.18495
2016-01-13,6.52,6.66,6.46,6.55,372700,6.2039
2016-01-14,6.46,6.55,6.35,6.52,246100,6.17548
2016-01-15,6.55,7.10,6.49,7.08,1018400,6.70589
2016-01-18,6.88,7.03,6.66,6.87,207400,6.50699
2016-01-19,6.88,7.02,6.52,6.61,280900,6.26073
2016-01-20,6.61,6.94,6.26,6.49,488500,6.14707
2016-01-21,6.60,6.69,6.27,6.31,420900,5.97658
2016-01-22,6.40,6.49,6.36,6.38,217500,6.04288
2016-01-25,6.50,6.60,6.40,6.47,250800,6.12812
2016-01-26,6.47,6.47,6.47,6.47,000,6.12812
2016-01-27,6.43,6.54,6.36,6.40,202000,6.06182
2016-01-28,6.40,6.40,6.30,6.36,163400,6.02394
2016-01-29,6.38,6.55,6.18,6.23,451100,5.90081
2016-02-01,6.29,6.475,6.29,6.34,330100,6.00499
2016-02-02,6.32,6.33,6.10,6.16,313300,5.8345
2016-02-03,6.07,6.31,5.99,6.00,323300,5.68296
2016-02-04,6.03,6.12,5.93,6.03,303400,5.71137
2016-02-05,6.03,6.14,6.01,6.12,302300,5.79662
2016-02-08,6.12,6.20,5.99,6.18,290000,5.85345
2016-02-09,6.09,6.16,5.96,6.00,396600,5.68296
2016-02-10,5.98,6.03,5.83,5.85,287300,5.54088
2016-02-11,5.85,5.92,5.77,5.83,369900,5.52194
2016-02-12,5.95,5.97,5.71,5.74,313600,5.4367
2016-02-15,5.84,5.85,5.62,5.66,309000,5.36092
2016-02-16,5.76,6.15,5.74,5.86,1633500,5.55036
2016-02-17,6.04,6.61,6.02,6.49,1091700,6.14707
2016-02-18,6.61,6.745,6.28,6.70,675100,6.34597
2016-02-19,6.70,6.78,6.50,6.54,281200,6.19443
2016-02-22,6.53,6.70,6.50,6.67,324300,6.31756
2016-02-23,6.70,6.92,6.52,6.80,516200,6.44069
2016-02-24,6.74,6.745,6.435,6.46,343200,6.11865
2016-02-25,6.53,6.62,6.44,6.47,278400,6.12812
2016-02-26,6.48,6.51,6.37,6.46,213100,6.11865
2016-02-29,6.49,6.61,6.26,6.32,720000,5.98605
2016-03-01,6.34,6.53,6.30,6.53,256300,6.18495
2016-03-02,6.57,6.83,6.55,6.78,448800,6.42174
2016-03-03,6.82,7.23,6.82,7.20,805800,6.81955
2016-03-04,7.22,7.63,7.21,7.47,850600,7.07528
2016-03-07,7.51,7.80,7.29,7.57,825400,7.17
2016-03-08,7.50,7.85,7.32,7.77,1082400,7.77
2016-03-09,7.60,8.14,7.43,7.98,987700,7.98
2016-03-10,7.86,7.86,7.48,7.59,767700,7.59
2016-03-11,7.30,7.43,7.17,7.42,1280900,7.42
2016-03-14,7.42,7.54,6.99,7.05,646200,7.05
2016-03-15,7.00,7.03,6.70,6.75,813900,6.75
2016-03-16,6.71,6.87,6.56,6.87,2151500,6.87
2016-03-17,6.87,7.05,6.81,6.92,1208800,6.92
2016-03-18,6.92,7.19,6.92,7.14,16180000,7.14
2016-03-21,7.17,7.28,7.06,7.25,400400,7.25
2016-03-22,7.31,7.49,7.11,7.31,730200,7.31
2016-03-23,7.27,7.36,7.17,7.34,345200,7.34
2016-03-24,7.29,7.55,7.14,7.55,509400,7.55
2016-03-25,7.55,7.55,7.55,7.55,000,7.55
2016-03-28,7.55,7.55,7.55,7.55,000,7.55
2016-03-29,7.53,7.53,7.10,7.17,448000,7.17
2016-03-30,7.11,7.27,6.96,7.08,458800,7.08
2016-03-31,7.17,7.29,7.09,7.12,415200,7.12
2016-04-01,7.10,7.19,7.06,7.14,332200,7.14
2016-04-04,7.16,7.20,7.04,7.06,210500,7.06
2016-04-05,7.05,7.14,6.78,6.89,396200,6.89
2016-04-06,6.86,7.00,6.78,6.89,366300,6.89
2016-04-07,6.90,7.09,6.84,6.92,678400,6.92
2016-04-08,6.81,6.82,6.50,6.62,738400,6.62
2016-04-11,6.61,6.85,6.61,6.65,451100,6.65
2016-04-12,6.66,6.75,6.59,6.71,229300,6.71
2016-04-13,6.75,6.95,6.73,6.92,315100,6.92
2016-04-14,6.96,7.18,6.94,7.13,289600,7.13
2016-04-15,7.19,7.19,7.02,7.12,302700,7.12


2016-04-18,7.11,7.15,7.03,7.03,166100,7.03
2016-04-19,7.12,7.30,7.12,7.22,364000,7.22
2016-04-20,7.27,7.45,7.26,7.37,442900,7.37
2016-04-21,7.46,7.50,7.33,7.44,397600,7.44
2016-04-22,7.42,7.53,7.32,7.34,364000,7.34


2016-04-25,7.34,7.34,7.34,7.34,000,7.34
2016-04-26,7.33,7.47,7.19,7.38,360400,7.38
2016-04-27,7.43,7.63,7.27,7.31,328400,7.31
2016-04-28,7.42,7.66,7.38,7.63,364100,7.63
2016-04-29,7.65,7.85,7.56,7.62,516800,7.62


2016-05-02,7.55,7.65,7.51,7.62,229400,7.62
2016-05-03,7.65,7.89,7.64,7.84,388300,7.84
2016-05-04,7.80,7.80,7.38,7.43,678900,7.43
2016-05-05,7.48,7.59,7.05,7.49,359100,7.49
2016-05-06,7.33,7.52,7.20,7.35,358000,7.35


2016-05-09,7.31,7.36,7.11,7.33,236500,7.33
2016-05-10,7.20,7.24,6.99,7.01,336800,7.01
2016-05-11,7.16,7.24,7.09,7.15,227400,7.15
2016-05-12,7.18,7.23,7.12,7.21,172200,7.21
2016-05-13,7.21,7.23,7.03,7.20,257800,7.20


2016-05-16,7.15,7.24,7.01,7.02,197400,7.02
2016-05-17,7.09,7.17,7.06,7.13,220200,7.13
2016-05-18,7.10,7.16,7.03,7.07,285500,7.07
2016-05-19,7.11,7.14,6.94,6.99,431900,6.99
2016-05-20,7.03,7.20,6.99,7.08,207500,7.08


2016-05-23,7.02,7.16,7.00,7.03,224600,7.03
2016-05-24,6.98,7.16,6.90,7.06,367400,7.06
2016-05-25,7.15,7.34,7.11,7.19,507000,7.19
2016-05-26,7.18,7.28,7.13,7.25,463200,7.25
2016-05-27,7.28,7.30,7.18,7.24,294500,7.24


2016-05-30,7.25,7.45,7.22,7.34,463400,7.34
2016-05-31,7.30,7.30,7.11,7.15,603200,7.15
2016-06-01,7.11,7.25,7.04,7.13,342300,7.13
2016-06-02,7.09,7.26,7.05,7.24,374000,7.24
2016-06-03,7.24,7.34,7.14,7.19,377400,7.19


2016-06-06,7.14,7.29,7.13,7.21,201900,7.21
2016-06-07,7.22,7.64,7.22,7.48,924100,7.48
2016-06-08,7.55,7.60,7.40,7.53,395000,7.53
2016-06-09,7.61,7.99,7.60,7.96,620000,7.96
2016-06-10,7.96,7.99,7.65,7.83,401600,7.83


2016-06-13,7.83,7.83,7.83,7.83,000,7.83
2016-06-14,7.69,7.84,7.57,7.69,631200,7.69
