Date,Open,High,Low,Close,Volume,Adj Close
2015-12-17,2.40,2.40,1.95,1.95,3518500,1.95
2015-12-18,2.00,2.18,1.99,2.18,750500,2.18
2015-12-21,2.20,2.40,2.20,2.35,764900,2.35
2015-12-22,2.41,2.44,2.23,2.35,357500,2.35
2015-12-23,2.39,2.57,2.39,2.51,597300,2.51
2015-12-24,2.57,2.70,2.52,2.54,254300,2.54
2015-12-25,2.54,2.54,2.54,2.54,000,2.54
2015-12-28,2.54,2.54,2.54,2.54,000,2.54
2015-12-29,2.55,2.65,2.55,2.65,119200,2.65
2015-12-30,2.70,2.70,2.62,2.70,78100,2.70
2015-12-31,2.70,2.80,2.70,2.79,73000,2.79
2016-01-01,2.79,2.79,2.79,2.79,000,2.79
2016-01-04,2.84,3.20,2.78,3.11,231200,3.11
2016-01-05,3.20,3.40,3.15,3.20,313600,3.20
2016-01-06,3.25,3.39,3.25,3.30,255200,3.30
2016-01-07,3.31,3.39,3.20,3.20,172300,3.20
2016-01-08,3.20,3.23,3.01,3.09,184500,3.09
2016-01-11,3.05,3.05,2.82,2.98,194700,2.98
2016-01-12,2.95,3.17,2.94,3.14,162000,3.14
2016-01-13,3.10,3.17,3.00,3.15,75200,3.15
2016-01-14,2.91,3.12,2.85,3.10,260800,3.10
2016-01-15,3.15,3.20,3.08,3.18,130300,3.18
2016-01-18,3.15,3.17,3.00,3.05,173700,3.05
2016-01-19,3.04,3.10,2.99,3.00,164100,3.00
2016-01-20,3.00,3.04,2.98,2.99,134100,2.99
2016-01-21,2.98,3.05,2.98,3.01,102800,3.01
2016-01-22,3.08,3.12,3.01,3.11,118500,3.11
2016-01-25,3.14,3.50,3.14,3.49,154100,3.49
2016-01-26,3.49,3.49,3.49,3.49,000,3.49
2016-01-27,3.56,3.75,3.49,3.49,230700,3.49
2016-01-28,3.51,3.52,3.45,3.50,154100,3.50
2016-01-29,3.50,3.50,3.38,3.39,164400,3.39
2016-02-01,3.42,3.49,3.40,3.41,123100,3.41
2016-02-02,3.40,3.45,3.20,3.24,147900,3.24
2016-02-03,3.24,3.45,3.21,3.37,185200,3.37
2016-02-04,3.50,3.80,3.50,3.52,258500,3.52
2016-02-05,3.60,3.70,3.55,3.62,155400,3.62
2016-02-08,3.63,3.63,3.46,3.50,73400,3.50
2016-02-09,3.53,3.55,3.26,3.30,177600,3.30
2016-02-10,3.32,3.32,3.05,3.20,152400,3.20
2016-02-11,3.20,3.20,3.12,3.16,66300,3.16
2016-02-12,3.16,3.16,3.00,3.14,101400,3.14
2016-02-15,3.13,3.16,3.03,3.04,52900,3.04
2016-02-16,3.16,3.16,3.06,3.06,59700,3.06
2016-02-17,3.06,3.07,3.00,3.00,76900,3.00
2016-02-18,2.99,3.16,2.99,3.14,83000,3.14
2016-02-19,3.10,3.11,3.05,3.10,61700,3.10
2016-02-22,3.13,3.13,3.05,3.05,29000,3.05
2016-02-23,3.05,3.08,3.00,3.05,83500,3.05
2016-02-24,2.99,3.00,2.92,2.95,83300,2.95
2016-02-25,2.95,2.99,2.76,2.85,111100,2.85
2016-02-26,2.76,2.83,2.56,2.67,128300,2.67
2016-02-29,2.66,2.70,2.45,2.52,141000,2.52
2016-03-01,2.50,2.50,2.35,2.42,105800,2.42
2016-03-02,2.50,2.65,2.50,2.58,99700,2.58
2016-03-03,2.58,2.60,2.51,2.52,130900,2.52
2016-03-04,2.52,2.70,2.52,2.70,48800,2.70
2016-03-07,2.75,2.78,2.61,2.78,42800,2.78
2016-03-08,2.78,2.81,2.65,2.70,30500,2.70
2016-03-09,2.65,2.70,2.64,2.65,31700,2.65
2016-03-10,2.69,2.69,2.52,2.52,94200,2.52
2016-03-11,2.55,2.55,2.39,2.40,153100,2.40
2016-03-14,2.45,2.51,2.40,2.51,43300,2.51
2016-03-15,2.42,2.50,2.42,2.43,9400,2.43
2016-03-16,2.43,2.44,2.40,2.40,48000,2.40
2016-03-17,2.50,2.50,2.40,2.41,44500,2.41
2016-03-18,2.46,2.46,2.36,2.40,49600,2.40
2016-03-21,2.35,2.40,2.34,2.34,29600,2.34
2016-03-22,2.40,2.43,2.35,2.43,111200,2.43
2016-03-23,2.43,2.45,2.35,2.40,57800,2.40
2016-03-24,2.36,2.37,2.35,2.37,81800,2.37
2016-03-25,2.37,2.37,2.37,2.37,000,2.37
2016-03-28,2.37,2.37,2.37,2.37,000,2.37
2016-03-29,2.32,2.32,2.23,2.25,75800,2.25
2016-03-30,2.25,2.26,2.15,2.21,34400,2.21
2016-03-31,2.15,2.23,2.07,2.10,101100,2.10
2016-04-01,2.06,2.10,2.02,2.02,78200,2.02
2016-04-04,2.09,2.09,1.88,2.00,194400,2.00
2016-04-05,2.00,2.00,1.85,1.85,102300,1.85
2016-04-06,1.85,1.90,1.83,1.84,56700,1.84
2016-04-07,1.83,1.83,1.72,1.75,138700,1.75
2016-04-08,1.77,1.89,1.77,1.88,276300,1.88
2016-04-11,1.89,1.95,1.88,1.89,161300,1.89
2016-04-12,1.90,1.965,1.90,1.965,25800,1.965
2016-04-13,1.95,1.95,1.85,1.865,59300,1.865
2016-04-14,1.90,1.91,1.90,1.90,97700,1.90
2016-04-15,1.90,1.90,1.80,1.825,48600,1.825


2016-04-18,1.80,1.84,1.75,1.78,66100,1.78
2016-04-19,1.83,1.88,1.83,1.85,78100,1.85
2016-04-20,1.90,1.90,1.815,1.815,32500,1.815
2016-04-21,1.83,1.83,1.73,1.82,143900,1.82
2016-04-22,1.82,1.83,1.75,1.75,18000,1.75


2016-04-25,1.75,1.75,1.75,1.75,000,1.75
2016-04-26,1.78,1.80,1.75,1.80,19600,1.80
2016-04-27,1.77,1.77,1.74,1.74,31600,1.74
2016-04-28,1.74,1.74,1.705,1.72,44500,1.72
2016-04-29,1.705,1.705,1.55,1.605,129700,1.605


2016-05-02,1.605,1.72,1.605,1.70,86000,1.70
2016-05-03,1.70,1.725,1.66,1.70,185800,1.70
2016-05-04,1.66,1.70,1.62,1.69,72500,1.69
2016-05-05,1.67,1.685,1.67,1.67,10000,1.67
2016-05-06,1.67,1.70,1.65,1.65,27600,1.65


2016-05-09,1.70,1.70,1.65,1.65,46800,1.65
2016-05-10,1.65,1.675,1.63,1.65,164400,1.65
2016-05-11,1.695,1.74,1.695,1.70,131600,1.70
2016-05-12,1.75,1.79,1.705,1.75,263900,1.75
2016-05-13,1.72,1.745,1.66,1.745,242400,1.745


2016-05-16,1.735,1.745,1.69,1.69,76400,1.69
2016-05-17,1.69,1.70,1.62,1.62,148900,1.62
2016-05-18,1.64,1.65,1.64,1.64,79200,1.64
2016-05-19,1.65,1.65,1.60,1.62,115500,1.62
2016-05-20,1.62,1.70,1.62,1.70,107000,1.70


2016-05-23,1.70,1.875,1.69,1.80,113500,1.80
2016-05-24,1.82,1.92,1.82,1.90,104800,1.90
2016-05-25,1.90,1.90,1.85,1.88,76500,1.88
2016-05-26,1.88,1.945,1.85,1.90,193100,1.90
2016-05-27,1.90,1.96,1.90,1.96,85900,1.96


2016-05-30,1.95,1.95,1.90,1.90,70600,1.90
2016-05-31,1.90,1.90,1.88,1.89,17800,1.89
2016-06-01,1.885,1.90,1.885,1.90,51200,1.90
2016-06-02,1.895,2.02,1.89,2.00,102100,2.00
2016-06-03,2.10,2.27,2.10,2.23,106700,2.23


2016-06-06,2.26,2.26,2.18,2.19,182100,2.19
2016-06-07,2.14,2.15,2.08,2.10,117200,2.10
2016-06-08,2.14,2.23,2.13,2.19,690700,2.19
2016-06-09,2.22,2.22,2.15,2.20,169700,2.20
2016-06-10,2.20,2.23,2.14,2.20,95100,2.20


2016-06-13,2.20,2.20,2.20,2.20,000,2.20
2016-06-14,2.20,2.20,2.10,2.11,46900,2.11
