Date,Open,High,Low,Close,Volume,Adj Close
2015-01-01,3.20,3.20,3.20,3.20,000,3.0542
2015-01-02,3.20,3.27,3.17,3.19,310400,3.0446
2015-01-05,3.19,3.21,3.15,3.17,308500,3.0256
2015-01-06,3.12,3.14,3.10,3.11,458900,2.9683
2015-01-07,3.10,3.15,3.05,3.13,1033500,2.9874
2015-01-08,3.15,3.18,3.13,3.16,572000,3.016
2015-01-09,3.20,3.22,3.165,3.19,674300,3.0446
2015-01-12,3.18,3.21,3.15,3.16,1042700,3.016
2015-01-13,3.17,3.19,3.10,3.16,1123300,3.016
2015-01-14,3.16,3.17,3.12,3.14,2451600,2.9969
2015-01-15,3.11,3.135,3.10,3.11,816700,2.9683
2015-01-16,3.04,3.105,3.00,3.04,665200,2.9015
2015-01-19,3.05,3.10,3.03,3.05,327800,2.911
2015-01-20,3.05,3.10,3.05,3.09,417000,2.9492
2015-01-21,3.10,3.145,3.08,3.10,778900,2.9588
2015-01-22,3.10,3.14,3.08,3.10,494700,2.9588
2015-01-23,3.10,3.14,3.09,3.12,1071200,2.9778
2015-01-26,3.12,3.12,3.12,3.12,000,2.9778
2015-01-27,3.10,3.15,3.07,3.11,1202600,2.9683
2015-01-28,3.03,3.05,2.985,3.00,4252900,2.8633
2015-01-29,2.98,2.98,2.89,2.90,3738100,2.7679
2015-01-30,2.95,2.95,2.89,2.95,1461000,2.8156
2015-02-02,2.94,2.97,2.93,2.95,856200,2.8156
2015-02-03,2.96,2.97,2.92,2.95,3959800,2.8156
2015-02-04,3.01,3.01,2.96,2.97,1062600,2.8347
2015-02-05,3.00,3.055,2.98,2.99,1381400,2.8538
2015-02-06,3.01,3.11,3.00,3.09,2675400,2.9492
2015-02-09,3.06,3.10,3.04,3.06,1239100,2.9206
2015-02-10,3.09,3.10,3.045,3.07,1084000,2.9301
2015-02-11,3.10,3.10,3.02,3.03,1477200,2.8919
2015-02-12,3.08,3.08,3.02,3.05,1230700,2.911
2015-02-13,3.07,3.13,3.03,3.11,1755300,2.9683
2015-02-16,3.12,3.13,3.09,3.11,1058700,2.9683
2015-02-17,3.11,3.13,3.11,3.12,2556000,2.9778
2015-02-18,3.13,3.17,3.125,3.17,1029400,3.0256
2015-02-19,3.21,3.31,3.19,3.30,2334100,3.1496
2015-02-20,3.32,3.40,3.32,3.36,3099900,3.2069
2015-02-23,3.35,3.35,3.26,3.34,492900,3.1878
2015-02-24,3.34,3.37,3.31,3.33,1742400,3.1783
2015-02-25,3.34,3.34,3.26,3.27,1389200,3.121
2015-02-26,3.27,3.285,3.15,3.18,1608700,3.0351
2015-02-27,3.17,3.29,3.17,3.28,1140000,3.1305
2015-03-02,3.26,3.26,3.15,3.19,1937500,3.0446
2015-03-03,3.25,3.25,3.14,3.18,2156200,3.0351
2015-03-04,3.19,3.22,3.14,3.17,1754000,3.0256
2015-03-05,3.17,3.24,3.17,3.22,1531500,3.0733
2015-03-06,3.23,3.32,3.23,3.31,1508200,3.1592
2015-03-09,3.29,3.29,3.17,3.22,913300,3.0733
2015-03-10,3.25,3.33,3.23,3.30,1496000,3.1496
2015-03-11,3.28,3.35,3.24,3.31,1914600,3.1592
2015-03-12,3.31,3.35,3.295,3.31,1083800,3.1592
2015-03-13,3.32,3.36,3.29,3.35,846800,3.1974
2015-03-16,3.31,3.32,3.215,3.26,1257100,3.1115
2015-03-17,3.26,3.36,3.23,3.33,1553300,3.1783
2015-03-18,3.31,3.39,3.26,3.38,1412500,3.226
2015-03-19,3.42,3.46,3.37,3.40,2284100,3.2451
2015-03-20,3.26,3.36,3.22,3.35,1100200,3.2548
2015-03-23,3.31,3.36,3.29,3.30,1074400,3.2062
2015-03-24,3.28,3.33,3.26,3.28,826200,3.1868
2015-03-25,3.32,3.32,3.13,3.25,2011500,3.1576
2015-03-26,3.13,3.22,3.13,3.19,834900,3.0993
2015-03-27,3.25,3.255,3.20,3.23,969400,3.1382
2015-03-30,3.15,3.24,3.15,3.19,588500,3.0993
2015-03-31,3.20,3.29,3.20,3.25,1319400,3.1576
2015-04-01,3.22,3.28,3.22,3.26,758300,3.1674
2015-04-02,3.24,3.35,3.24,3.32,901300,3.2256
2015-04-03,3.32,3.32,3.32,3.32,000,3.2256
2015-04-06,3.32,3.32,3.32,3.32,000,3.2256
2015-04-07,3.33,3.37,3.245,3.27,1145400,3.1771
2015-04-08,3.26,3.31,3.26,3.30,342300,3.2062
2015-04-09,3.35,3.35,3.27,3.28,331600,3.1868
2015-04-10,3.29,3.39,3.29,3.33,843200,3.2354
2015-04-13,3.34,3.48,3.34,3.46,3327800,3.3617
2015-04-14,3.43,3.50,3.43,3.49,1958200,3.3908
2015-04-15,3.49,3.62,3.48,3.59,1592800,3.488
2015-04-16,3.60,3.65,3.57,3.59,1357100,3.488
2015-04-17,3.58,3.615,3.58,3.58,1101900,3.4783
2015-04-20,3.59,3.60,3.49,3.59,1553000,3.488
2015-04-21,3.61,3.66,3.55,3.61,1266400,3.5074
2015-04-22,3.62,3.64,3.49,3.52,1665100,3.42
2015-04-23,3.50,3.50,3.38,3.42,2271100,3.3228
2015-04-24,3.45,3.50,3.45,3.46,1029200,3.3617
2015-04-27,3.48,3.50,3.44,3.45,690800,3.352
2015-04-28,3.46,3.50,3.38,3.40,1054300,3.3034
2015-04-29,3.39,3.41,3.32,3.32,650000,3.2256
2015-04-30,3.30,3.32,3.23,3.26,1664400,3.1674
2015-05-01,3.27,3.37,3.26,3.34,1668700,3.2451
2015-05-04,3.32,3.39,3.32,3.38,1265600,3.2839
2015-05-05,3.41,3.45,3.38,3.40,1435800,3.3034
2015-05-06,3.37,3.40,3.325,3.34,1166300,3.2451
2015-05-07,3.23,3.325,3.23,3.27,797200,3.1771
2015-05-08,3.26,3.36,3.26,3.31,1079200,3.2159
2015-05-11,3.33,3.34,3.29,3.30,821400,3.2062
2015-05-12,3.26,3.33,3.245,3.32,1960000,3.2256
2015-05-13,3.31,3.34,3.29,3.33,685500,3.2354
2015-05-14,3.30,3.31,3.27,3.29,3346300,3.1965
2015-05-15,3.34,3.34,3.28,3.30,1588700,3.2062
2015-05-18,3.31,3.33,3.24,3.28,868200,3.1868
2015-05-19,3.27,3.27,3.19,3.22,1338100,3.1285
2015-05-20,3.23,3.30,3.21,3.28,1291200,3.1868
2015-05-21,3.30,3.32,3.25,3.30,1825500,3.2062
2015-05-22,3.34,3.34,3.29,3.30,906500,3.2062
2015-05-25,3.30,3.305,3.27,3.28,1351200,3.1868
2015-05-26,3.28,3.30,3.28,3.30,999100,3.2062
2015-05-27,3.29,3.30,3.25,3.28,938600,3.1868
2015-05-28,3.31,3.315,3.25,3.26,1110600,3.1674
2015-05-29,3.25,3.32,3.25,3.30,922700,3.2062
2015-06-01,3.30,3.30,3.185,3.20,1552600,3.1091
2015-06-02,3.23,3.23,3.15,3.20,1613000,3.1091
2015-06-03,3.15,3.175,3.12,3.14,965700,3.0508
2015-06-04,3.16,3.18,3.13,3.14,1133900,3.0508
2015-06-05,3.14,3.23,3.13,3.23,5909000,3.1382
2015-06-08,3.23,3.23,3.23,3.23,000,3.1382
2015-06-09,3.20,3.27,3.20,3.23,1441200,3.1382
2015-06-10,3.23,3.245,3.18,3.23,3107600,3.1382
2015-06-11,3.26,3.325,3.225,3.32,1275100,3.2256
2015-06-12,3.32,3.35,3.28,3.31,921800,3.2159
2015-06-15,3.30,3.35,3.28,3.34,1055700,3.2451
2015-06-16,3.35,3.36,3.30,3.32,940800,3.2256
2015-06-17,3.34,3.37,3.30,3.35,1139400,3.2548
2015-06-18,3.29,3.34,3.24,3.27,1741900,3.1771
2015-06-19,3.28,3.36,3.28,3.30,1707300,3.2062
2015-06-22,3.32,3.32,3.20,3.23,1551400,3.1382
2015-06-23,3.27,3.35,3.24,3.35,1206200,3.2548
2015-06-24,3.34,3.34,3.28,3.33,850500,3.2354
2015-06-25,3.32,3.32,3.26,3.27,850800,3.1771
2015-06-26,3.20,3.26,3.19,3.23,2059600,3.1382
2015-06-29,3.19,3.19,3.12,3.16,1036100,3.0702
2015-06-30,3.15,3.195,3.14,3.18,1261900,3.0896
2015-07-01,3.16,3.32,3.16,3.31,1226900,3.2159
2015-07-02,3.27,3.37,3.27,3.37,806600,3.2742
2015-07-03,3.32,3.35,3.26,3.30,581800,3.2062
2015-07-06,3.26,3.26,3.20,3.23,483000,3.1382
2015-07-07,3.24,3.33,3.21,3.30,1458900,3.2062
2015-07-08,3.24,3.28,3.22,3.22,1099800,3.1285
2015-07-09,3.19,3.24,3.14,3.21,1676400,3.1188
2015-07-10,3.25,3.26,3.16,3.18,1342500,3.0896
2015-07-13,3.17,3.23,3.15,3.17,660500,3.0799
2015-07-14,3.23,3.24,3.17,3.19,809200,3.0993
2015-07-15,3.21,3.21,3.17,3.19,3402600,3.0993
2015-07-16,3.24,3.24,3.16,3.21,1250800,3.1188
2015-07-17,3.22,3.23,3.16,3.19,732100,3.0993
2015-07-20,3.19,3.21,3.12,3.14,1472200,3.0508
2015-07-21,3.17,3.33,3.145,3.31,1783900,3.2159
2015-07-22,3.30,3.37,3.29,3.31,1290700,3.2159
2015-07-23,3.31,3.43,3.31,3.37,1739800,3.2742
2015-07-24,3.37,3.38,3.32,3.34,1229800,3.2451
2015-07-27,3.33,3.39,3.33,3.38,1171300,3.2839
2015-07-28,3.34,3.44,3.325,3.37,1488500,3.2742
2015-07-29,3.39,3.40,3.34,3.37,1803000,3.2742
2015-07-30,3.38,3.41,3.37,3.39,843900,3.2937
2015-07-31,3.40,3.44,3.38,3.42,924700,3.3228
2015-08-03,3.45,3.48,3.43,3.48,728000,3.3811
2015-08-04,3.50,3.54,3.48,3.50,1034100,3.4005
2015-08-05,3.49,3.49,3.40,3.43,737900,3.3325
2015-08-06,3.42,3.45,3.38,3.43,1077500,3.3325
2015-08-07,3.39,3.44,3.37,3.41,652800,3.3131
2015-08-10,3.40,3.43,3.39,3.43,518000,3.3325
2015-08-11,3.44,3.44,3.36,3.41,594800,3.3131
2015-08-12,3.42,3.45,3.33,3.33,1610400,3.2354
2015-08-13,3.32,3.40,3.32,3.34,793400,3.2451
2015-08-14,3.32,3.39,3.32,3.37,569400,3.2742
2015-08-17,3.39,3.41,3.33,3.33,688100,3.2354
2015-08-18,3.33,3.42,3.33,3.33,1157300,3.2354
2015-08-19,3.36,3.43,3.36,3.40,2307100,3.3034
2015-08-20,3.52,3.52,3.35,3.39,1606600,3.2937
2015-08-21,3.35,3.49,3.35,3.46,1715100,3.3617
2015-08-24,3.39,3.43,3.33,3.35,2982700,3.2548
2015-08-25,3.30,3.38,3.22,3.38,2141400,3.2839
2015-08-26,3.33,3.39,3.33,3.36,1451000,3.2645
2015-08-27,3.38,3.38,3.20,3.24,2307500,3.1479
2015-08-28,3.45,3.55,3.33,3.46,1638500,3.3617
2015-08-31,3.44,3.47,3.34,3.42,1409900,3.3228
2015-09-01,3.38,3.45,3.35,3.37,1508400,3.2742
2015-09-02,3.34,3.36,3.31,3.35,1984700,3.2548
2015-09-03,3.37,3.39,3.29,3.29,1034100,3.1965
2015-09-04,3.30,3.45,3.29,3.43,1269000,3.3325
2015-09-07,3.39,3.41,3.25,3.34,1288600,3.2451
2015-09-08,3.35,3.47,3.35,3.41,1627800,3.3131
2015-09-09,3.45,3.54,3.41,3.48,4539500,3.3811
2015-09-10,3.38,3.50,3.37,3.48,1292300,3.3811
2015-09-11,3.48,3.56,3.45,3.51,3241500,3.4102
2015-09-14,3.55,3.62,3.53,3.62,1727800,3.5171
2015-09-15,3.59,3.59,3.465,3.55,2585800,3.4491
2015-09-16,3.56,3.70,3.56,3.67,2078200,3.5657
2015-09-17,3.73,3.73,3.645,3.65,2683800,3.5463
2015-09-18,3.55,3.64,3.53,3.59,2943200,3.5862
2015-09-21,3.52,3.56,3.48,3.54,1724400,3.5363
2015-09-22,3.59,3.605,3.57,3.60,1123100,3.5962
2015-09-23,3.57,3.64,3.56,3.63,3373200,3.6262
2015-09-24,3.64,3.75,3.60,3.75,1196800,3.7461
2015-09-25,3.76,3.795,3.70,3.77,1066200,3.766
2015-09-28,3.75,3.825,3.75,3.80,920700,3.796
2015-09-29,3.70,3.73,3.68,3.69,4867000,3.6861
2015-09-30,3.63,3.89,3.63,3.89,3146700,3.8859
2015-10-01,3.85,3.89,3.82,3.85,7279500,3.846
2015-10-02,3.80,3.91,3.78,3.83,1013400,3.826
2015-10-05,3.81,3.91,3.81,3.91,335900,3.9059
2015-10-06,3.94,3.95,3.82,3.85,1069500,3.846
2015-10-07,3.85,3.88,3.79,3.84,1259400,3.836
2015-10-08,3.88,3.89,3.72,3.72,1281000,3.7161
2015-10-09,3.76,3.80,3.76,3.80,1137500,3.796
2015-10-12,3.78,3.79,3.745,3.77,711400,3.766
2015-10-13,3.81,3.81,3.75,3.79,1189800,3.786
2015-10-14,3.79,3.81,3.77,3.78,1464700,3.776
2015-10-15,3.80,3.805,3.73,3.78,1339100,3.776
2015-10-16,3.85,3.885,3.77,3.88,1540800,3.8759
2015-10-19,3.88,3.90,3.86,3.89,811800,3.8859
2015-10-20,3.86,3.945,3.86,3.94,843100,3.9359
2015-10-21,3.93,3.935,3.87,3.89,860600,3.8859
2015-10-22,3.93,3.93,3.84,3.91,849400,3.9059
2015-10-23,3.95,4.03,3.93,4.03,1891700,4.0258
2015-10-26,4.03,4.04,3.885,3.92,1071300,3.9159
2015-10-27,3.91,3.94,3.89,3.93,1485100,3.9259
2015-10-28,3.93,3.97,3.90,3.95,1383600,3.9459
2015-10-29,3.98,3.98,3.87,3.92,808500,3.9159
2015-10-30,3.89,4.08,3.87,4.08,1344900,4.0757
2015-11-02,4.10,4.14,4.05,4.08,614900,4.0757
2015-11-03,4.14,4.17,4.07,4.11,638800,4.1057
2015-11-04,4.15,4.17,4.07,4.12,1275100,4.1157
2015-11-05,4.10,4.115,3.99,4.05,2331300,4.0457
2015-11-06,4.11,4.13,4.02,4.07,1066200,4.0657
2015-11-09,4.06,4.09,3.96,3.99,1352700,3.9858
2015-11-10,3.97,4.00,3.89,3.90,1438400,3.8959
2015-11-11,3.96,3.98,3.90,3.98,552100,3.9758
2015-11-12,3.95,3.99,3.93,3.96,775400,3.9558
2015-11-13,3.93,3.94,3.86,3.89,1035100,3.8859
2015-11-16,3.84,3.96,3.84,3.85,1567000,3.846
2015-11-17,3.90,3.97,3.87,3.96,3060900,3.9558
2015-11-18,3.94,4.01,3.94,3.99,2604000,3.9858
2015-11-19,4.04,4.16,4.00,4.16,1080600,4.1556
2015-11-20,4.24,4.26,4.12,4.20,1340900,4.1956
2015-11-23,4.20,4.20,4.10,4.12,1143000,4.1157
2015-11-24,4.10,4.11,4.08,4.09,1081500,4.0857
2015-11-25,4.10,4.20,4.08,4.20,2183600,4.1956
2015-11-26,4.20,4.27,4.17,4.23,1866100,4.2256
2015-11-27,4.29,4.32,4.20,4.21,2058600,4.2056
2015-11-30,4.23,4.27,4.20,4.23,1379300,4.2256
2015-12-01,4.20,4.30,4.18,4.21,3867300,4.2056
2015-12-02,4.20,4.21,4.135,4.20,983600,4.1956
2015-12-03,4.12,4.28,4.12,4.26,1179000,4.2555
2015-12-04,4.06,4.21,4.05,4.20,1503900,4.1956
2015-12-07,4.26,4.29,4.18,4.22,2264200,4.2156
2015-12-08,4.18,4.30,4.18,4.29,3459800,4.2855
2015-12-09,4.26,4.30,4.24,4.26,1063600,4.2555
2015-12-10,4.26,4.31,4.25,4.31,1703800,4.3055
2015-12-11,4.30,4.38,4.25,4.26,1553300,4.2555
2015-12-14,4.22,4.27,4.20,4.21,1163200,4.2056
2015-12-15,4.20,4.26,4.10,4.11,1137200,4.1057
2015-12-16,4.13,4.21,4.055,4.08,1812600,4.0757
2015-12-17,4.10,4.11,4.035,4.05,2334500,4.0457
2015-12-18,4.00,4.04,3.89,3.92,3163900,3.9159
2015-12-21,3.92,3.99,3.91,3.96,819700,3.9558
2015-12-22,4.00,4.04,3.94,3.97,1631300,3.9658
2015-12-23,4.00,4.03,3.95,3.97,995200,3.9658
2015-12-24,3.95,4.01,3.93,3.96,1787100,3.9558
2015-12-25,3.96,3.96,3.96,3.96,000,3.9558
2015-12-28,3.96,3.96,3.96,3.96,000,3.9558
2015-12-29,3.98,4.07,3.95,4.06,1544100,4.0557
2015-12-30,4.10,4.13,4.055,4.09,1318300,4.0857
2015-12-31,4.06,4.12,4.05,4.07,448600,4.0657
2016-01-01,4.07,4.07,4.07,4.07,000,4.0657
2016-01-04,4.09,4.10,4.01,4.03,689800,4.0258
2016-01-05,3.99,4.04,3.96,3.97,612400,3.9658
2016-01-06,3.99,4.01,3.895,3.92,623400,3.9159
2016-01-07,3.95,4.00,3.90,3.91,901300,3.9059
2016-01-08,3.85,3.94,3.85,3.87,628500,3.8659
2016-01-11,3.80,3.94,3.76,3.91,1081300,3.9059
2016-01-12,3.88,3.98,3.86,3.94,1490900,3.9359
2016-01-13,3.95,4.11,3.95,4.09,1314200,4.0857
2016-01-14,4.02,4.06,4.00,4.05,1024500,4.0457
2016-01-15,4.10,4.15,3.98,3.99,1083300,3.9858
2016-01-18,3.99,4.06,3.96,4.03,940600,4.0258
2016-01-19,4.04,4.16,4.005,4.15,1830300,4.1456
2016-01-20,4.15,4.24,4.11,4.13,1411900,4.1257
2016-01-21,4.29,4.29,4.12,4.18,1604600,4.1756
2016-01-22,4.22,4.27,4.15,4.24,1431400,4.2355
2016-01-25,4.28,4.30,4.23,4.24,659300,4.2355
2016-01-26,4.24,4.24,4.24,4.24,000,4.2355
2016-01-27,4.19,4.255,4.09,4.12,1480600,4.1157
2016-01-28,4.13,4.39,4.13,4.36,2076300,4.3554
2016-01-29,4.33,4.33,4.24,4.27,1903200,4.2655
2016-02-01,4.33,4.355,4.25,4.29,1120800,4.2855
2016-02-02,4.28,4.38,4.28,4.33,1705100,4.3255
2016-02-03,4.26,4.36,4.20,4.22,1902000,4.2156
2016-02-04,4.23,4.37,4.22,4.35,851100,4.3454
2016-02-05,4.34,4.37,4.31,4.34,539600,4.3354
2016-02-08,4.30,4.38,4.30,4.34,667700,4.3354
2016-02-09,4.28,4.34,4.28,4.31,1409900,4.3055
2016-02-10,4.30,4.32,4.17,4.27,1166900,4.2655
2016-02-11,4.29,4.31,4.24,4.26,1333400,4.2555
2016-02-12,4.25,4.25,4.17,4.18,1028100,4.1756
2016-02-15,4.21,4.33,4.18,4.31,1388000,4.3055
2016-02-16,4.35,4.40,4.24,4.29,1150500,4.2855
2016-02-17,4.33,4.36,4.20,4.20,987700,4.1956
2016-02-18,4.26,4.28,4.22,4.27,1133900,4.2655
2016-02-19,4.28,4.35,4.225,4.24,1275000,4.2355
2016-02-22,4.23,4.33,4.23,4.28,823400,4.2755
2016-02-23,4.28,4.31,4.18,4.19,1171700,4.1856
2016-02-24,4.19,4.31,4.16,4.27,1055500,4.2655
2016-02-25,4.32,4.47,4.31,4.36,1395400,4.3554
2016-02-26,4.37,4.55,4.37,4.54,1198500,4.5352
2016-02-29,4.55,4.73,4.55,4.72,1951500,4.715
2016-03-01,4.74,4.78,4.66,4.77,4769800,4.765
2016-03-02,4.80,4.88,4.65,4.68,4254700,4.6751
2016-03-03,4.69,4.69,4.50,4.64,1585200,4.6351
2016-03-04,4.61,4.61,4.52,4.54,993600,4.5352
2016-03-07,4.56,4.58,4.44,4.44,962500,4.4353
2016-03-08,4.43,4.48,4.37,4.43,1121700,4.4253
2016-03-09,4.40,4.54,4.40,4.51,1482600,4.5053
2016-03-10,4.55,4.62,4.52,4.60,1254900,4.5952
2016-03-11,4.61,4.70,4.61,4.69,993400,4.6851
2016-03-14,4.75,4.77,4.70,4.74,1096400,4.735
2016-03-15,4.72,4.75,4.685,4.69,804600,4.6851
2016-03-16,4.70,4.79,4.69,4.76,1290400,4.755
2016-03-17,4.76,4.80,4.71,4.71,1745100,4.71
2016-03-18,4.77,4.77,4.62,4.64,1544700,4.64
2016-03-21,4.63,4.66,4.59,4.65,1448600,4.65
2016-03-22,4.66,4.775,4.65,4.77,1465000,4.77
2016-03-23,4.77,4.82,4.73,4.79,1053100,4.79
2016-03-24,4.75,4.85,4.75,4.81,912400,4.81
2016-03-25,4.81,4.81,4.81,4.81,000,4.81
2016-03-28,4.81,4.81,4.81,4.81,000,4.81
2016-03-29,4.83,4.88,4.75,4.76,1767500,4.76
2016-03-30,4.79,4.89,4.79,4.79,1409500,4.79
2016-03-31,4.84,4.87,4.77,4.80,1693500,4.80
2016-04-01,4.76,4.79,4.64,4.65,1774200,4.65
2016-04-04,4.66,4.74,4.66,4.66,1522900,4.66
2016-04-05,4.65,4.70,4.635,4.64,1592600,4.64
2016-04-06,4.62,4.73,4.61,4.68,1788200,4.68
2016-04-07,4.70,4.76,4.685,4.73,999100,4.73
2016-04-08,4.65,4.75,4.65,4.74,805400,4.74
2016-04-11,4.73,4.76,4.67,4.70,1144100,4.70
2016-04-12,4.68,4.74,4.67,4.74,1301800,4.74
2016-04-13,4.74,4.79,4.68,4.68,1851100,4.68
2016-04-14,4.68,4.73,4.675,4.70,1965800,4.70
2016-04-15,4.72,4.74,4.68,4.70,2733200,4.70


2016-04-18,4.74,4.78,4.71,4.75,1169700,4.75
2016-04-19,4.77,4.77,4.58,4.68,3233300,4.68
2016-04-20,4.69,4.79,4.60,4.74,4309100,4.74
2016-04-21,4.78,4.78,4.68,4.71,2338100,4.71
2016-04-22,4.70,4.70,4.59,4.64,2538000,4.64


2016-04-25,4.64,4.64,4.64,4.64,000,4.64
2016-04-26,4.66,4.69,4.62,4.64,1624400,4.64
2016-04-27,4.62,4.76,4.62,4.68,892500,4.68
2016-04-28,4.68,4.74,4.67,4.72,1269400,4.72
2016-04-29,4.74,4.875,4.70,4.87,6083200,4.87


2016-05-02,4.90,4.96,4.85,4.93,2280200,4.93
2016-05-03,4.92,5.11,4.92,5.08,1985900,5.08
2016-05-04,5.14,5.14,5.015,5.03,1181700,5.03
2016-05-05,5.00,5.06,4.97,4.99,920900,4.99
2016-05-06,4.94,5.04,4.86,5.04,3361300,5.04


2016-05-09,5.04,5.08,5.00,5.08,1087200,5.08
2016-05-10,5.12,5.22,5.06,5.13,1669600,5.13
2016-05-11,5.17,5.29,5.10,5.28,1998600,5.28
2016-05-12,5.28,5.30,5.23,5.29,1596100,5.29
2016-05-13,5.33,5.36,5.19,5.26,1992800,5.26


2016-05-16,5.25,5.27,5.095,5.14,1947200,5.14
2016-05-17,5.18,5.21,5.11,5.12,1605200,5.12
2016-05-18,5.10,5.18,5.045,5.12,2235000,5.12
2016-05-19,5.13,5.17,5.06,5.15,1177000,5.15
2016-05-20,5.18,5.21,5.14,5.17,639000,5.17


2016-05-23,5.16,5.245,5.13,5.15,688800,5.15
2016-05-24,5.14,5.21,5.14,5.17,1427000,5.17
2016-05-25,5.22,5.285,5.15,5.23,998100,5.23
2016-05-26,5.22,5.255,5.17,5.24,939600,5.24
2016-05-27,5.25,5.27,5.21,5.23,636000,5.23


2016-05-30,5.24,5.25,5.195,5.23,881500,5.23
2016-05-31,5.25,5.255,5.165,5.24,3283900,5.24
2016-06-01,5.15,5.22,5.11,5.20,2480100,5.20
2016-06-02,5.20,5.25,5.185,5.19,1019600,5.19
2016-06-03,5.22,5.355,5.20,5.34,1980800,5.34


2016-06-06,5.32,5.37,5.26,5.36,687400,5.36
2016-06-07,5.35,5.38,5.27,5.38,830700,5.38
2016-06-08,5.38,5.38,5.28,5.29,613000,5.29
2016-06-09,5.29,5.325,5.22,5.29,980700,5.29
2016-06-10,5.22,5.29,5.21,5.29,580400,5.29


2016-06-13,5.29,5.29,5.29,5.29,000,5.29
2016-06-14,5.26,5.30,5.14,5.17,1155300,5.17
