Date,Open,High,Low,Close,Volume,Adj Close
2015-01-01,4.39,4.39,4.39,4.39,000,4.39
2015-01-02,4.38,4.43,4.34,4.43,208600,4.43
2015-01-05,4.40,4.46,4.36,4.41,130000,4.41
2015-01-06,4.33,4.36,4.12,4.21,305000,4.21
2015-01-07,4.17,4.23,4.115,4.14,254500,4.14
2015-01-08,4.18,4.18,4.06,4.16,360500,4.16
2015-01-09,4.15,4.15,4.09,4.14,258000,4.14
2015-01-12,4.12,4.19,4.06,4.19,691000,4.19
2015-01-13,4.07,4.10,4.01,4.06,177400,4.06
2015-01-14,4.08,4.09,4.01,4.01,196100,4.01
2015-01-15,4.08,4.08,4.00,4.04,425700,4.04
2015-01-16,4.02,4.06,3.90,3.95,649200,3.95
2015-01-19,3.98,4.03,3.96,3.98,250800,3.98
2015-01-20,3.99,4.04,3.95,4.03,145200,4.03
2015-01-21,4.03,4.04,4.00,4.04,192300,4.04
2015-01-22,4.03,4.06,3.98,4.06,458300,4.06
2015-01-23,4.04,4.04,4.00,4.02,393700,4.02
2015-01-26,4.02,4.02,4.02,4.02,000,4.02
2015-01-27,4.04,4.045,4.02,4.03,212800,4.03
2015-01-28,4.00,4.08,4.00,4.06,211400,4.06
2015-01-29,4.03,4.03,3.96,4.00,420500,4.00
2015-01-30,4.04,4.04,3.99,4.02,491700,4.02
2015-02-02,4.01,4.20,4.00,4.09,235900,4.09
2015-02-03,4.11,4.205,4.05,4.16,807400,4.16
2015-02-04,4.18,4.24,4.17,4.20,239200,4.20
2015-02-05,4.21,4.39,4.14,4.39,399500,4.39
2015-02-06,4.39,4.43,4.21,4.24,231300,4.24
2015-02-09,4.25,4.31,4.25,4.28,234500,4.28
2015-02-10,4.31,4.46,4.28,4.46,345500,4.46
2015-02-11,4.50,4.60,4.33,4.34,345300,4.34
2015-02-12,4.39,4.48,4.25,4.41,311000,4.41
2015-02-13,4.45,4.45,4.11,4.16,471700,4.16
2015-02-16,4.13,4.20,4.02,4.04,450000,4.04
2015-02-17,4.00,4.10,3.96,4.04,275900,4.04
2015-02-18,4.05,4.09,4.00,4.05,239000,4.05
2015-02-19,4.01,4.03,3.90,3.95,643600,3.95
2015-02-20,3.98,4.18,3.95,4.18,554700,4.18
2015-02-23,4.18,4.20,4.00,4.03,283300,4.03
2015-02-24,4.03,4.50,3.96,4.50,905700,4.50
2015-02-25,4.27,4.32,4.05,4.32,976900,4.32
2015-02-26,4.28,4.28,4.13,4.19,288500,4.19
2015-02-27,4.21,4.22,4.10,4.14,269200,4.14
2015-03-02,4.16,4.165,4.06,4.06,308400,4.06
2015-03-03,4.05,4.10,3.97,3.98,565700,3.98
2015-03-04,4.00,4.11,3.97,4.00,317000,4.00
2015-03-05,4.09,4.09,3.94,3.97,449400,3.97
2015-03-06,3.93,3.98,3.74,3.79,843600,3.79
2015-03-09,3.80,3.96,3.80,3.84,552600,3.84
2015-03-10,3.86,3.92,3.84,3.87,285500,3.87
2015-03-11,3.78,3.87,3.78,3.85,764500,3.85
2015-03-12,3.85,3.88,3.82,3.85,752200,3.85
2015-03-13,3.86,3.92,3.845,3.87,461300,3.87
2015-03-16,3.87,3.95,3.86,3.88,502100,3.88
2015-03-17,3.89,3.94,3.87,3.88,841100,3.88
2015-03-18,3.87,3.88,3.85,3.87,520600,3.87
2015-03-19,3.88,3.99,3.85,3.96,789100,3.96
2015-03-20,3.96,4.13,3.96,4.03,1051000,4.03
2015-03-23,4.03,4.07,3.88,3.92,1997400,3.92
2015-03-24,3.92,3.92,3.85,3.88,652100,3.88
2015-03-25,3.89,3.97,3.85,3.86,769800,3.86
2015-03-26,3.83,3.83,3.50,3.58,985600,3.58
2015-03-27,3.62,3.77,3.58,3.65,1370300,3.65
2015-03-30,3.70,3.73,3.62,3.62,628800,3.62
2015-03-31,3.72,3.72,3.63,3.63,430400,3.63
2015-04-01,3.69,3.72,3.59,3.59,673800,3.59
2015-04-02,3.61,3.63,3.51,3.51,625700,3.51
2015-04-03,3.51,3.51,3.51,3.51,000,3.51
2015-04-06,3.51,3.51,3.51,3.51,000,3.51
2015-04-07,3.50,3.51,3.21,3.28,1171500,3.28
2015-04-08,3.30,3.41,3.27,3.32,795400,3.32
2015-04-09,3.33,3.36,3.19,3.20,890600,3.20
2015-04-10,3.20,3.30,3.17,3.21,1116700,3.21
2015-04-13,3.70,4.07,3.61,3.99,1402300,3.99
2015-04-14,4.07,4.07,3.91,3.95,2123200,3.95
2015-04-15,3.97,3.97,3.72,3.72,635700,3.72
2015-04-16,3.79,3.88,3.75,3.83,431100,3.83
2015-04-17,3.89,3.90,3.77,3.79,373300,3.79
2015-04-20,3.76,3.78,3.55,3.57,663600,3.57
2015-04-21,3.63,3.63,3.50,3.50,442600,3.50
2015-04-22,3.51,3.61,3.51,3.54,684800,3.54
2015-04-23,3.55,3.57,3.50,3.53,249900,3.53
2015-04-24,3.56,3.62,3.55,3.62,221100,3.62
2015-04-27,3.64,3.65,3.60,3.62,267700,3.62
2015-04-28,3.62,3.64,3.50,3.52,277700,3.52
2015-04-29,3.53,3.55,3.48,3.50,331600,3.50
2015-04-30,3.58,3.66,3.50,3.60,486300,3.60
2015-05-01,3.65,3.72,3.65,3.70,414900,3.70
2015-05-04,3.75,3.80,3.70,3.75,292000,3.75
2015-05-05,3.78,3.82,3.68,3.72,397000,3.72
2015-05-06,3.70,3.82,3.67,3.74,398200,3.74
2015-05-07,3.70,3.79,3.70,3.72,382000,3.72
2015-05-08,3.68,3.77,3.68,3.70,249800,3.70
2015-05-11,3.82,3.83,3.68,3.71,163800,3.71
2015-05-12,3.61,3.69,3.58,3.68,218300,3.68
2015-05-13,3.73,3.88,3.69,3.88,314900,3.88
2015-05-14,3.83,3.93,3.81,3.91,339200,3.91
2015-05-15,3.90,3.92,3.82,3.86,358800,3.86
2015-05-18,3.84,3.88,3.79,3.83,207600,3.83
2015-05-19,3.84,3.85,3.67,3.69,349900,3.69
2015-05-20,3.69,3.76,3.69,3.74,212100,3.74
2015-05-21,3.84,3.88,3.77,3.82,451600,3.82
2015-05-22,3.83,3.88,3.76,3.82,146200,3.82
2015-05-25,3.85,3.92,3.81,3.91,243400,3.91
2015-05-26,3.89,3.92,3.85,3.92,144700,3.92
2015-05-27,3.89,3.92,3.86,3.90,158800,3.90
2015-05-28,3.90,3.90,3.85,3.90,102500,3.90
2015-05-29,3.90,3.97,3.88,3.91,765600,3.91
2015-06-01,3.92,3.94,3.80,3.82,279500,3.82
2015-06-02,3.90,3.95,3.865,3.90,352200,3.90
2015-06-03,3.89,3.95,3.87,3.91,281900,3.91
2015-06-04,3.91,3.94,3.88,3.90,345400,3.90
2015-06-05,3.87,4.03,3.87,3.95,342300,3.95
2015-06-08,3.95,3.95,3.95,3.95,000,3.95
2015-06-09,4.00,4.03,3.79,3.83,443700,3.83
2015-06-10,3.90,3.99,3.865,3.95,389500,3.95
2015-06-11,3.96,3.97,3.87,3.95,381300,3.95
2015-06-12,3.90,3.99,3.90,3.97,296600,3.97
2015-06-15,3.99,3.99,3.92,3.98,541000,3.98
2015-06-16,3.95,3.98,3.93,3.96,328400,3.96
2015-06-17,3.98,3.99,3.94,3.98,531400,3.98
2015-06-18,3.97,4.00,3.94,4.00,877900,4.00
2015-06-19,3.99,4.14,3.96,4.08,801700,4.08
2015-06-22,4.08,4.08,3.98,4.02,232600,4.02
2015-06-23,4.06,4.16,4.05,4.15,277000,4.15
2015-06-24,4.15,4.15,3.99,4.04,379300,4.04
2015-06-25,4.03,4.04,3.94,4.00,368600,4.00
2015-06-26,3.95,3.97,3.82,3.94,298000,3.94
2015-06-29,3.86,3.86,3.72,3.79,420900,3.79
2015-06-30,3.76,3.80,3.65,3.76,408400,3.76
2015-07-01,3.75,3.95,3.75,3.88,240700,3.88
2015-07-02,3.89,4.005,3.89,3.99,210100,3.99
2015-07-03,3.96,3.97,3.81,3.89,272700,3.89
2015-07-06,3.82,3.85,3.735,3.81,244800,3.81
2015-07-07,3.84,4.06,3.81,3.99,328400,3.99
2015-07-08,3.96,3.98,3.89,3.91,208900,3.91
2015-07-09,3.83,3.93,3.77,3.90,186500,3.90
2015-07-10,3.93,3.93,3.71,3.84,614300,3.84
2015-07-13,3.85,3.94,3.78,3.86,233200,3.86
2015-07-14,3.94,3.98,3.89,3.91,399800,3.91
2015-07-15,3.98,4.00,3.915,3.97,996400,3.97
2015-07-16,3.99,4.05,3.97,3.99,965000,3.99
2015-07-17,4.00,4.00,3.875,3.89,350100,3.89
2015-07-20,3.92,3.97,3.875,3.92,274700,3.92
2015-07-21,3.97,4.00,3.95,3.97,486300,3.97
2015-07-22,3.99,4.00,3.90,3.93,322700,3.93
2015-07-23,3.93,3.96,3.90,3.94,127600,3.94
2015-07-24,3.91,3.97,3.91,3.93,177800,3.93
2015-07-27,3.91,3.97,3.895,3.95,114000,3.95
2015-07-28,3.94,4.05,3.90,3.97,404300,3.97
2015-07-29,4.02,4.02,3.94,3.96,240100,3.96
2015-07-30,3.99,3.99,3.89,3.90,366000,3.90
2015-07-31,3.91,3.94,3.90,3.94,148300,3.94
2015-08-03,3.95,3.96,3.89,3.91,188900,3.91
2015-08-04,3.94,4.02,3.92,3.98,436400,3.98
2015-08-05,3.95,3.95,3.80,3.82,389500,3.82
2015-08-06,3.82,3.90,3.80,3.83,254400,3.83
2015-08-07,3.80,3.89,3.78,3.88,389500,3.88
2015-08-10,3.87,3.92,3.84,3.90,169500,3.90
2015-08-11,3.93,3.93,3.78,3.85,379500,3.85
2015-08-12,3.84,3.89,3.67,3.68,459000,3.68
2015-08-13,3.68,3.78,3.57,3.58,753200,3.58
2015-08-14,3.73,3.74,3.59,3.71,415000,3.71
2015-08-17,3.73,3.74,3.56,3.61,404600,3.61
2015-08-18,3.55,3.61,3.46,3.59,646600,3.59
2015-08-19,3.58,3.58,3.40,3.49,613500,3.49
2015-08-20,3.43,3.51,3.38,3.42,593400,3.42
2015-08-21,3.38,3.38,3.20,3.24,637700,3.24
2015-08-24,3.17,3.18,2.965,3.02,915000,3.02
2015-08-25,2.95,3.21,2.91,3.20,1525500,3.20
2015-08-26,3.15,3.28,3.13,3.25,524900,3.25
2015-08-27,3.28,3.32,3.26,3.28,263700,3.28
2015-08-28,3.31,3.72,3.28,3.47,542200,3.47
2015-08-31,3.40,3.47,3.30,3.32,698700,3.32
2015-09-01,3.30,3.33,3.20,3.25,314000,3.25
2015-09-02,3.20,3.26,3.13,3.18,320600,3.18
2015-09-03,3.18,3.19,3.10,3.10,271200,3.10
2015-09-04,3.13,3.45,3.10,3.34,381600,3.34
2015-09-07,3.33,3.36,3.26,3.32,200900,3.32
2015-09-08,3.35,3.425,3.28,3.36,348600,3.36
2015-09-09,3.39,3.46,3.29,3.33,423500,3.33
2015-09-10,3.26,3.27,3.21,3.21,347700,3.21
2015-09-11,3.26,3.34,3.20,3.21,168800,3.21
2015-09-14,3.26,3.28,3.15,3.23,274600,3.23
2015-09-15,3.21,3.25,3.11,3.11,348900,3.11
2015-09-16,3.15,3.27,3.13,3.24,443600,3.24
2015-09-17,3.30,3.30,3.19,3.21,799300,3.21
2015-09-18,3.23,3.53,3.15,3.43,745500,3.43
2015-09-21,3.45,3.53,3.33,3.39,463600,3.39
2015-09-22,3.45,3.60,3.45,3.48,354300,3.48
2015-09-23,3.45,3.60,3.42,3.57,523200,3.57
2015-09-24,3.61,3.78,3.55,3.62,683300,3.62
2015-09-25,3.64,3.75,3.49,3.57,499600,3.57
2015-09-28,3.54,3.62,3.51,3.62,285000,3.62
2015-09-29,3.51,3.64,3.44,3.47,549700,3.47
2015-09-30,3.49,3.55,3.12,3.16,1014700,3.16
2015-10-01,3.23,3.28,3.08,3.15,639200,3.15
2015-10-02,3.11,3.14,3.04,3.08,529700,3.08
2015-10-05,3.19,3.20,3.12,3.20,209200,3.20
2015-10-06,3.24,3.28,3.15,3.22,308300,3.22
2015-10-07,3.23,3.28,3.19,3.23,293700,3.23
2015-10-08,3.26,3.34,3.23,3.28,235600,3.28
2015-10-09,3.33,3.34,3.25,3.26,234700,3.26
2015-10-12,3.33,3.33,3.24,3.26,244400,3.26
2015-10-13,3.26,3.29,3.18,3.22,308900,3.22
2015-10-14,3.22,3.31,3.17,3.21,293800,3.21
2015-10-15,3.28,3.28,3.20,3.22,261800,3.22
2015-10-16,3.29,3.49,3.29,3.41,570700,3.41
2015-10-19,3.42,3.49,3.42,3.46,181600,3.46
2015-10-20,3.48,3.48,3.42,3.43,113200,3.43
2015-10-21,3.42,3.43,3.35,3.40,181700,3.40
2015-10-22,3.38,3.44,3.35,3.40,121400,3.40
2015-10-23,3.43,3.50,3.43,3.48,300800,3.48
2015-10-26,3.49,3.49,3.41,3.44,237100,3.44
2015-10-27,3.45,3.45,3.37,3.37,357000,3.37
2015-10-28,3.39,3.45,3.35,3.42,517700,3.42
2015-10-29,3.46,3.50,3.40,3.41,482100,3.41
2015-10-30,3.41,3.41,3.41,3.41,000,3.41
2015-11-02,3.41,3.41,3.41,3.41,000,3.41
2015-11-03,3.41,3.41,3.41,3.41,000,3.41
2015-11-04,3.41,3.41,3.41,3.41,000,3.41
2015-11-05,3.41,3.41,3.41,3.41,000,3.41
2015-11-06,3.41,3.41,3.41,3.41,000,3.41
2015-11-09,3.41,3.41,3.41,3.41,000,3.41
2015-11-10,3.41,3.41,3.41,3.41,000,3.41
2015-11-11,3.41,3.41,3.41,3.41,000,3.41
2015-11-12,3.41,3.41,3.41,3.41,000,3.41
2015-11-13,3.41,3.41,3.41,3.41,000,3.41
2015-11-16,2.25,2.34,2.06,2.10,5547900,2.10
2015-11-17,2.00,2.11,1.99,2.04,4188700,2.04
2015-11-18,2.06,2.08,1.93,1.95,2319900,1.95
2015-11-19,1.95,1.96,1.815,1.83,2301300,1.83
2015-11-20,1.815,1.83,1.705,1.705,1658500,1.705
2015-11-23,1.69,1.80,1.66,1.72,2046600,1.72
2015-11-24,1.76,1.76,1.52,1.58,3127500,1.58
2015-11-25,1.595,1.595,1.435,1.495,3676100,1.495
2015-11-26,1.525,1.62,1.45,1.55,3963500,1.55
2015-11-27,1.61,1.83,1.61,1.79,2307000,1.79
2015-11-30,1.85,1.89,1.75,1.755,2668000,1.755
2015-12-01,1.72,1.79,1.70,1.735,1265100,1.735
2015-12-02,1.73,1.735,1.615,1.685,967600,1.685
2015-12-03,1.62,1.70,1.60,1.70,913900,1.70
2015-12-04,1.655,1.785,1.62,1.74,767800,1.74
2015-12-07,1.79,1.81,1.655,1.69,787800,1.69
2015-12-08,1.665,1.675,1.535,1.545,1249300,1.545
2015-12-09,1.61,1.68,1.545,1.66,927000,1.66
2015-12-10,1.63,1.64,1.515,1.525,974000,1.525
2015-12-11,1.53,1.57,1.455,1.465,4556300,1.465
2015-12-14,1.42,1.46,1.35,1.42,1753600,1.42
2015-12-15,1.40,1.60,1.39,1.55,1201200,1.55
2015-12-16,1.54,1.5675,1.472,1.565,891800,1.565
2015-12-17,1.65,1.84,1.63,1.805,1899200,1.805
2015-12-18,1.70,1.835,1.66,1.795,2742000,1.795
2015-12-21,1.75,1.84,1.71,1.715,1219200,1.715
2015-12-22,1.78,1.785,1.71,1.75,747300,1.75
2015-12-23,1.76,1.795,1.705,1.705,985300,1.705
2015-12-24,1.755,1.775,1.72,1.725,207000,1.725
2015-12-25,1.725,1.725,1.725,1.725,000,1.725
2015-12-28,1.725,1.725,1.725,1.725,000,1.725
2015-12-29,1.74,1.775,1.73,1.76,356700,1.76
2015-12-30,1.75,1.825,1.705,1.825,612100,1.825
2015-12-31,1.825,1.87,1.795,1.85,1113300,1.85
2016-01-01,1.85,1.85,1.85,1.85,000,1.85
2016-01-04,1.85,1.89,1.75,1.815,629700,1.815
2016-01-05,1.795,1.86,1.73,1.84,563000,1.84
2016-01-06,1.805,1.845,1.78,1.83,906100,1.83
2016-01-07,1.84,1.84,1.715,1.715,590700,1.715
2016-01-08,1.70,1.78,1.68,1.745,688600,1.745
2016-01-11,1.70,1.755,1.655,1.70,662000,1.70
2016-01-12,1.71,1.77,1.675,1.71,951500,1.71
2016-01-13,1.69,1.88,1.67,1.84,770000,1.84
2016-01-14,1.73,1.80,1.675,1.675,861800,1.675
2016-01-15,1.72,1.745,1.61,1.625,1126100,1.625
2016-01-18,1.59,1.605,1.505,1.51,567200,1.51
2016-01-19,1.515,1.565,1.46,1.495,820200,1.495
2016-01-20,1.50,1.58,1.46,1.485,724200,1.485
2016-01-21,1.53,1.552,1.475,1.49,606600,1.49
2016-01-22,1.54,1.57,1.52,1.54,351100,1.54
2016-01-25,1.575,1.585,1.505,1.53,580100,1.53
2016-01-26,1.53,1.53,1.53,1.53,000,1.53
2016-01-27,1.57,1.60,1.555,1.585,1211500,1.585
2016-01-28,1.58,1.60,1.565,1.57,321400,1.57
2016-01-29,1.525,1.555,1.50,1.52,466800,1.52
2016-02-01,1.54,1.545,1.46,1.47,697000,1.47
2016-02-02,1.465,1.505,1.43,1.44,392300,1.44
2016-02-03,1.425,1.475,1.392,1.40,661100,1.40
2016-02-04,1.41,1.452,1.39,1.425,499300,1.425
2016-02-05,1.425,1.49,1.40,1.47,292100,1.47
2016-02-08,1.475,1.48,1.40,1.43,319500,1.43
2016-02-09,1.39,1.40,1.325,1.36,679800,1.36
2016-02-10,1.345,1.345,1.19,1.20,1120100,1.20
2016-02-11,1.205,1.265,1.185,1.21,678800,1.21
2016-02-12,1.19,1.21,1.14,1.19,583100,1.19
2016-02-15,1.23,1.23,1.155,1.165,471200,1.165
2016-02-16,1.205,1.385,1.17,1.35,1468000,1.35
2016-02-17,1.40,1.55,1.36,1.365,1197200,1.365
2016-02-18,1.405,1.43,1.355,1.38,415200,1.38
2016-02-19,1.385,1.53,1.38,1.505,833900,1.505
2016-02-22,1.545,1.76,1.54,1.66,1091900,1.66
2016-02-23,1.695,1.78,1.595,1.62,870300,1.62
2016-02-24,1.60,1.85,1.59,1.82,1112400,1.82
2016-02-25,1.895,1.99,1.73,1.765,1485800,1.765
2016-02-26,1.78,1.78,1.66,1.75,520500,1.75
2016-02-29,1.78,1.93,1.76,1.92,1173200,1.92
2016-03-01,1.92,2.24,1.84,2.20,1505200,2.20
2016-03-02,2.24,3.03,2.24,2.82,4430900,2.82
2016-03-03,2.90,3.00,2.54,2.63,3279300,2.63
2016-03-04,2.60,2.60,2.28,2.54,1597100,2.54
2016-03-07,2.49,2.54,2.40,2.45,823500,2.45
2016-03-08,2.36,2.36,2.25,2.29,1316400,2.29
2016-03-09,2.32,2.55,2.27,2.43,1076600,2.43
2016-03-10,2.39,2.44,2.30,2.40,766600,2.40
2016-03-11,2.40,2.47,2.36,2.37,484600,2.37
2016-03-14,2.38,2.43,2.36,2.40,433400,2.40
2016-03-15,2.41,2.42,2.35,2.37,524900,2.37
2016-03-16,2.42,2.56,2.36,2.42,653100,2.42
2016-03-17,2.48,2.83,2.44,2.80,2149900,2.80
2016-03-18,2.81,2.83,2.61,2.70,1871000,2.70
2016-03-21,2.73,2.83,2.565,2.61,1210600,2.61
2016-03-22,2.63,2.69,2.52,2.56,595700,2.56
2016-03-23,2.56,2.60,2.45,2.48,784700,2.48
2016-03-24,2.48,2.73,2.48,2.56,978400,2.56
2016-03-25,2.56,2.56,2.56,2.56,000,2.56
2016-03-28,2.56,2.56,2.56,2.56,000,2.56
2016-03-29,2.61,2.65,2.41,2.43,689800,2.43
2016-03-30,2.47,2.50,2.40,2.41,352400,2.41
2016-03-31,2.45,2.61,2.44,2.57,932500,2.57
2016-04-01,2.61,2.70,2.46,2.46,1354800,2.46
2016-04-04,2.48,2.57,2.47,2.53,712400,2.53
2016-04-05,2.53,2.58,2.47,2.50,459300,2.50
2016-04-06,2.51,2.58,2.50,2.51,533900,2.51
2016-04-07,2.52,2.58,2.49,2.50,462900,2.50
2016-04-08,2.51,2.53,2.46,2.50,373800,2.50
2016-04-11,2.50,2.53,2.46,2.49,283100,2.49
2016-04-12,2.45,2.50,2.42,2.44,327200,2.44
2016-04-13,2.45,2.61,2.38,2.61,1121600,2.61
2016-04-14,2.58,2.58,2.52,2.54,416700,2.54
2016-04-15,2.58,2.59,2.50,2.55,614600,2.55


2016-04-18,2.53,2.54,2.44,2.49,707900,2.49
2016-04-19,2.50,2.55,2.47,2.50,702300,2.50
2016-04-20,2.48,2.48,2.35,2.35,1689800,2.35
2016-04-21,2.42,2.515,2.37,2.48,1335700,2.48
2016-04-22,2.48,2.54,2.48,2.51,674000,2.51


2016-04-25,2.51,2.51,2.51,2.51,000,2.51
2016-04-26,2.50,2.50,2.35,2.38,1380400,2.38
2016-04-27,2.42,2.42,2.31,2.31,1114100,2.31
2016-04-28,2.34,2.40,2.32,2.36,486000,2.36
2016-04-29,2.30,2.30,2.10,2.19,1540200,2.19


2016-05-02,2.17,2.21,2.14,2.20,550000,2.20
2016-05-03,2.24,2.30,2.195,2.30,807500,2.30
2016-05-04,2.24,2.26,2.17,2.17,698500,2.17
2016-05-05,2.19,2.205,2.00,2.12,1582000,2.12
2016-05-06,2.11,2.11,2.00,2.00,1158200,2.00


2016-05-09,2.02,2.10,2.02,2.07,710100,2.07
2016-05-10,2.06,2.06,1.825,2.00,2116100,2.00
2016-05-11,1.99,2.00,1.90,1.94,1000600,1.94
2016-05-12,1.965,1.967,1.865,1.865,1102200,1.865
2016-05-13,1.875,1.875,1.775,1.81,1508300,1.81


2016-05-16,1.76,1.885,1.75,1.86,636700,1.86
2016-05-17,1.89,1.945,1.89,1.915,609600,1.915
2016-05-18,1.925,1.935,1.87,1.88,574100,1.88
2016-05-19,1.92,1.92,1.825,1.85,628600,1.85
2016-05-20,1.915,1.93,1.86,1.90,877600,1.90


2016-05-23,1.905,2.07,1.90,2.05,857900,2.05
2016-05-24,2.06,2.06,1.94,2.02,739600,2.02
2016-05-25,2.04,2.04,1.86,1.875,1342200,1.875
2016-05-26,1.90,1.92,1.84,1.85,1001500,1.85
2016-05-27,1.90,1.965,1.895,1.90,780200,1.90


2016-05-30,1.915,1.975,1.90,1.94,718000,1.94
2016-05-31,1.95,1.995,1.91,1.975,811500,1.975
2016-06-01,1.975,1.98,1.895,1.92,423800,1.92
2016-06-02,1.92,1.92,1.92,1.92,000,1.92
2016-06-03,1.92,1.92,1.92,1.92,000,1.92


2016-06-06,1.92,1.92,1.92,1.92,000,1.92
2016-06-07,1.92,1.92,1.92,1.92,000,1.92
2016-06-08,1.92,1.92,1.92,1.92,000,1.92
2016-06-09,1.92,1.92,1.92,1.92,000,1.92
2016-06-10,1.92,1.92,1.92,1.92,000,1.92


2016-06-13,1.92,1.92,1.92,1.92,000,1.92
2016-06-14,1.37,1.59,1.11,1.11,9738800,1.11
