Date,Open,High,Low,Close,Volume,Adj Close
2015-01-01,0.027,0.027,0.027,0.027,000,0.027
2015-01-02,0.027,0.027,0.027,0.027,000,0.027
2015-01-05,0.027,0.027,0.027,0.027,000,0.027
2015-01-06,0.027,0.027,0.027,0.027,000,0.027
2015-01-07,0.027,0.027,0.027,0.027,000,0.027
2015-01-08,0.027,0.027,0.027,0.027,150000,0.027
2015-01-09,0.027,0.027,0.027,0.027,72000,0.027
2015-01-12,0.02,0.02,0.02,0.02,100000,0.02
2015-01-13,0.02,0.02,0.02,0.02,000,0.02
2015-01-14,0.026,0.029,0.02,0.029,700000,0.029
2015-01-15,0.029,0.03,0.028,0.03,620000,0.03
2015-01-16,0.03,0.03,0.03,0.03,300000,0.03
2015-01-19,0.03,0.03,0.03,0.03,000,0.03
2015-01-20,0.03,0.03,0.03,0.03,000,0.03
2015-01-21,0.03,0.03,0.03,0.03,000,0.03
2015-01-22,0.03,0.03,0.03,0.03,000,0.03
2015-01-23,0.03,0.03,0.03,0.03,000,0.03
2015-01-26,0.03,0.03,0.03,0.03,000,0.03
2015-01-27,0.03,0.03,0.03,0.03,000,0.03
2015-01-28,0.03,0.03,0.03,0.03,000,0.03
2015-01-29,0.03,0.03,0.03,0.03,000,0.03
2015-01-30,0.03,0.03,0.03,0.03,000,0.03
2015-02-02,0.03,0.03,0.03,0.03,000,0.03
2015-02-03,0.025,0.03,0.025,0.03,977000,0.03
2015-02-04,0.03,0.034,0.03,0.034,1721300,0.034
2015-02-05,0.034,0.034,0.034,0.034,000,0.034
2015-02-06,0.034,0.034,0.034,0.034,000,0.034
2015-02-09,0.034,0.034,0.034,0.034,000,0.034
2015-02-10,0.025,0.025,0.02,0.02,69200,0.02
2015-02-11,0.02,0.03,0.02,0.03,793000,0.03
2015-02-12,0.03,0.03,0.03,0.03,000,0.03
2015-02-13,0.03,0.03,0.03,0.03,000,0.03
2015-02-16,0.03,0.03,0.03,0.03,233400,0.03
2015-02-17,0.03,0.03,0.03,0.03,000,0.03
2015-02-18,0.03,0.03,0.03,0.03,000,0.03
2015-02-19,0.03,0.03,0.03,0.03,000,0.03
2015-02-20,0.03,0.03,0.03,0.03,000,0.03
2015-02-23,0.03,0.03,0.03,0.03,000,0.03
2015-02-24,0.03,0.03,0.03,0.03,000,0.03
2015-02-25,0.03,0.03,0.03,0.03,000,0.03
2015-02-26,0.03,0.03,0.03,0.03,000,0.03
2015-02-27,0.03,0.03,0.03,0.03,000,0.03
2015-03-02,0.03,0.03,0.03,0.03,000,0.03
2015-03-03,0.03,0.03,0.03,0.03,000,0.03
2015-03-04,0.03,0.03,0.03,0.03,000,0.03
2015-03-05,0.025,0.025,0.025,0.025,200000,0.025
2015-03-06,0.025,0.025,0.025,0.025,000,0.025
2015-03-09,0.025,0.025,0.025,0.025,000,0.025
2015-03-10,0.025,0.025,0.025,0.025,000,0.025
2015-03-11,0.025,0.025,0.025,0.025,000,0.025
2015-03-12,0.025,0.025,0.025,0.025,000,0.025
2015-03-13,0.025,0.025,0.025,0.025,000,0.025
2015-03-16,0.025,0.025,0.025,0.025,000,0.025
2015-03-17,0.02,0.028,0.02,0.028,245000,0.028
2015-03-18,0.029,0.029,0.029,0.029,60000,0.029
2015-03-19,0.029,0.029,0.029,0.029,370000,0.029
2015-03-20,0.029,0.029,0.029,0.029,000,0.029
2015-03-23,0.029,0.029,0.029,0.029,000,0.029
2015-03-24,0.029,0.029,0.029,0.029,000,0.029
2015-03-25,0.029,0.029,0.029,0.029,000,0.029
2015-03-26,0.029,0.029,0.029,0.029,000,0.029
2015-03-27,0.019,0.019,0.019,0.019,196800,0.019
2015-03-30,0.019,0.019,0.019,0.019,000,0.019
2015-03-31,0.019,0.019,0.019,0.019,000,0.019
2015-04-01,0.02,0.027,0.02,0.027,550000,0.027
2015-04-02,0.027,0.027,0.027,0.027,000,0.027
2015-04-03,0.027,0.027,0.027,0.027,000,0.027
2015-04-06,0.027,0.027,0.027,0.027,000,0.027
2015-04-07,0.027,0.027,0.027,0.027,000,0.027
2015-04-08,0.027,0.027,0.027,0.027,000,0.027
2015-04-09,0.027,0.027,0.027,0.027,000,0.027
2015-04-10,0.02,0.02,0.02,0.02,50000,0.02
2015-04-13,0.022,0.022,0.022,0.022,50000,0.022
2015-04-14,0.024,0.028,0.024,0.028,415200,0.028
2015-04-15,0.028,0.028,0.028,0.028,000,0.028
2015-04-16,0.024,0.024,0.024,0.024,142300,0.024
2015-04-17,0.028,0.028,0.028,0.028,300000,0.028
2015-04-20,0.026,0.026,0.025,0.025,400000,0.025
2015-04-21,0.026,0.026,0.025,0.025,400000,0.025
2015-04-22,0.025,0.025,0.025,0.025,000,0.025
2015-04-23,0.025,0.025,0.024,0.024,606000,0.024
2015-04-24,0.024,0.024,0.024,0.024,19200,0.024
2015-04-27,0.024,0.024,0.024,0.024,000,0.024
2015-04-28,0.024,0.024,0.024,0.024,000,0.024
2015-04-29,0.024,0.024,0.022,0.022,276800,0.022
2015-04-30,0.022,0.022,0.022,0.022,319000,0.022
2015-05-01,0.022,0.022,0.022,0.022,000,0.022
2015-05-04,0.022,0.022,0.022,0.022,000,0.022
2015-05-05,0.022,0.022,0.022,0.022,350000,0.022
2015-05-06,0.022,0.022,0.022,0.022,40000,0.022
2015-05-07,0.022,0.022,0.022,0.022,000,0.022
2015-05-08,0.022,0.022,0.022,0.022,000,0.022
2015-05-11,0.022,0.022,0.022,0.022,000,0.022
2015-05-12,0.022,0.022,0.022,0.022,000,0.022
2015-05-13,0.022,0.022,0.022,0.022,000,0.022
2015-05-14,0.022,0.022,0.022,0.022,000,0.022
2015-05-15,0.022,0.022,0.022,0.022,50000,0.022
2015-05-18,0.022,0.022,0.022,0.022,000,0.022
2015-05-19,0.022,0.022,0.022,0.022,55000,0.022
2015-05-20,0.02,0.02,0.02,0.02,500000,0.02
2015-05-21,0.02,0.02,0.02,0.02,832000,0.02
2015-05-22,0.02,0.02,0.02,0.02,25000,0.02
2015-05-25,0.02,0.02,0.02,0.02,142900,0.02
2015-05-26,0.018,0.018,0.018,0.018,150000,0.018
2015-05-27,0.023,0.023,0.023,0.023,70000,0.023
2015-05-28,0.023,0.023,0.023,0.023,000,0.023
2015-05-29,0.023,0.023,0.023,0.023,000,0.023
2015-06-01,0.023,0.023,0.023,0.023,000,0.023
2015-06-02,0.023,0.023,0.023,0.023,000,0.023
2015-06-03,0.024,0.024,0.024,0.024,32700,0.024
2015-06-04,0.029,0.031,0.029,0.031,561000,0.031
2015-06-05,0.031,0.031,0.031,0.031,000,0.031
2015-06-08,0.031,0.031,0.031,0.031,000,0.031
2015-06-09,0.028,0.028,0.028,0.028,300000,0.028
2015-06-10,0.025,0.03,0.025,0.03,250600,0.03
2015-06-11,0.028,0.028,0.026,0.026,140000,0.026
2015-06-12,0.029,0.03,0.029,0.03,266900,0.03
2015-06-15,0.03,0.03,0.03,0.03,16600,0.03
2015-06-16,0.03,0.03,0.03,0.03,000,0.03
2015-06-17,0.03,0.03,0.03,0.03,000,0.03
2015-06-18,0.03,0.03,0.03,0.03,000,0.03
2015-06-19,0.024,0.024,0.022,0.022,96000,0.022
2015-06-22,0.024,0.024,0.024,0.024,200000,0.024
2015-06-23,0.024,0.024,0.023,0.023,210000,0.023
2015-06-24,0.023,0.023,0.023,0.023,000,0.023
2015-06-25,0.024,0.024,0.024,0.024,800000,0.024
2015-06-26,0.024,0.024,0.024,0.024,300000,0.024
2015-06-29,0.024,0.024,0.024,0.024,500000,0.024
2015-06-30,0.024,0.024,0.024,0.024,000,0.024
2015-07-01,0.024,0.024,0.024,0.024,500000,0.024
2015-07-02,0.024,0.024,0.024,0.024,000,0.024
2015-07-03,0.023,0.023,0.023,0.023,500000,0.023
2015-07-06,0.023,0.023,0.023,0.023,300000,0.023
2015-07-07,0.023,0.023,0.023,0.023,000,0.023
2015-07-08,0.023,0.023,0.023,0.023,54900,0.023
2015-07-09,0.023,0.023,0.023,0.023,000,0.023
2015-07-10,0.024,0.024,0.024,0.024,60000,0.024
2015-07-13,0.024,0.024,0.024,0.024,200000,0.024
2015-07-14,0.022,0.022,0.022,0.022,500000,0.022
2015-07-15,0.021,0.021,0.02,0.02,300000,0.02
2015-07-16,0.02,0.02,0.02,0.02,000,0.02
2015-07-17,0.02,0.02,0.02,0.02,000,0.02
2015-07-20,0.02,0.02,0.02,0.02,000,0.02
2015-07-21,0.017,0.017,0.017,0.017,10000,0.017
2015-07-22,0.024,0.024,0.021,0.024,480000,0.024
2015-07-23,0.022,0.022,0.022,0.022,21000,0.022
2015-07-24,0.022,0.022,0.022,0.022,000,0.022
2015-07-27,0.022,0.022,0.022,0.022,000,0.022
2015-07-28,0.022,0.022,0.022,0.022,000,0.022
2015-07-29,0.022,0.022,0.022,0.022,000,0.022
2015-07-30,0.022,0.022,0.022,0.022,46000,0.022
2015-07-31,0.022,0.022,0.022,0.022,000,0.022
2015-08-03,0.019,0.019,0.019,0.019,33300,0.019
2015-08-04,0.019,0.019,0.019,0.019,000,0.019
2015-08-05,0.019,0.019,0.019,0.019,000,0.019
2015-08-06,0.02,0.022,0.02,0.022,500000,0.022
2015-08-07,0.022,0.022,0.022,0.022,000,0.022
2015-08-10,0.022,0.022,0.022,0.022,000,0.022
2015-08-11,0.022,0.022,0.022,0.022,000,0.022
2015-08-12,0.022,0.022,0.022,0.022,000,0.022
2015-08-13,0.019,0.02,0.019,0.02,665000,0.02
2015-08-14,0.02,0.02,0.02,0.02,000,0.02
2015-08-17,0.02,0.02,0.02,0.02,000,0.02
2015-08-18,0.02,0.02,0.02,0.02,000,0.02
2015-08-19,0.02,0.02,0.02,0.02,000,0.02
2015-08-20,0.02,0.02,0.02,0.02,000,0.02
2015-08-21,0.02,0.02,0.02,0.02,000,0.02
2015-08-24,0.02,0.02,0.02,0.02,000,0.02
2015-08-25,0.02,0.02,0.02,0.02,000,0.02
2015-08-26,0.02,0.02,0.02,0.02,000,0.02
2015-08-27,0.02,0.02,0.02,0.02,000,0.02
2015-08-28,0.018,0.018,0.016,0.016,287000,0.016
2015-08-31,0.016,0.016,0.016,0.016,000,0.016
2015-09-01,0.016,0.016,0.016,0.016,000,0.016
2015-09-02,0.018,0.018,0.018,0.018,38000,0.018
2015-09-03,0.018,0.018,0.018,0.018,000,0.018
2015-09-04,0.018,0.018,0.018,0.018,000,0.018
2015-09-07,0.016,0.016,0.016,0.016,170500,0.016
2015-09-08,0.016,0.016,0.016,0.016,000,0.016
2015-09-09,0.016,0.016,0.016,0.016,000,0.016
2015-09-10,0.015,0.015,0.013,0.013,175400,0.013
2015-09-11,0.013,0.013,0.013,0.013,187100,0.013
2015-09-14,0.016,0.029,0.016,0.029,9172600,0.029
2015-09-15,0.027,0.028,0.025,0.025,259700,0.025
2015-09-16,0.025,0.028,0.025,0.028,721000,0.028
2015-09-17,0.028,0.028,0.028,0.028,000,0.028
2015-09-18,0.028,0.028,0.028,0.028,000,0.028
2015-09-21,0.024,0.024,0.024,0.024,350000,0.024
2015-09-22,0.02,0.02,0.02,0.02,179200,0.02
2015-09-23,0.02,0.02,0.02,0.02,175000,0.02
2015-09-24,0.02,0.02,0.02,0.02,000,0.02
2015-09-25,0.02,0.02,0.02,0.02,000,0.02
2015-09-28,0.02,0.02,0.018,0.018,175900,0.018
2015-09-29,0.016,0.016,0.016,0.016,40000,0.016
2015-09-30,0.016,0.022,0.016,0.022,791400,0.022
2015-10-01,0.022,0.022,0.022,0.022,200000,0.022
2015-10-02,0.022,0.022,0.022,0.022,000,0.022
2015-10-05,0.022,0.022,0.022,0.022,000,0.022
2015-10-06,0.022,0.022,0.022,0.022,000,0.022
2015-10-07,0.022,0.022,0.022,0.022,000,0.022
2015-10-08,0.022,0.022,0.022,0.022,000,0.022
2015-10-09,0.022,0.022,0.022,0.022,000,0.022
2015-10-12,0.022,0.022,0.022,0.022,22700,0.022
2015-10-13,0.022,0.022,0.022,0.022,000,0.022
2015-10-14,0.022,0.022,0.022,0.022,000,0.022
2015-10-15,0.022,0.022,0.022,0.022,000,0.022
2015-10-16,0.022,0.022,0.022,0.022,000,0.022
2015-10-19,0.022,0.022,0.022,0.022,000,0.022
2015-10-20,0.022,0.022,0.022,0.022,000,0.022
2015-10-21,0.022,0.022,0.022,0.022,000,0.022
2015-10-22,0.022,0.022,0.022,0.022,512600,0.022
2015-10-23,0.022,0.022,0.022,0.022,000,0.022
2015-10-26,0.022,0.022,0.022,0.022,000,0.022
2015-10-27,0.021,0.022,0.021,0.022,541000,0.022
2015-10-28,0.022,0.022,0.022,0.022,000,0.022
2015-10-29,0.02,0.021,0.02,0.02,244900,0.02
2015-10-30,0.02,0.02,0.02,0.02,000,0.02
2015-11-02,0.02,0.02,0.02,0.02,000,0.02
2015-11-03,0.02,0.02,0.018,0.018,105000,0.018
2015-11-04,0.018,0.018,0.018,0.018,261400,0.018
2015-11-05,0.018,0.018,0.018,0.018,000,0.018
2015-11-06,0.018,0.018,0.018,0.018,200000,0.018
2015-11-09,0.018,0.018,0.018,0.018,241200,0.018
2015-11-10,0.018,0.018,0.018,0.018,000,0.018
2015-11-11,0.017,0.017,0.017,0.017,170300,0.017
2015-11-12,0.017,0.017,0.017,0.017,000,0.017
2015-11-13,0.017,0.017,0.017,0.017,30300,0.017
2015-11-16,0.017,0.017,0.017,0.017,000,0.017
2015-11-17,0.017,0.017,0.017,0.017,000,0.017
2015-11-18,0.017,0.017,0.017,0.017,000,0.017
2015-11-19,0.017,0.017,0.017,0.017,000,0.017
2015-11-20,0.017,0.017,0.017,0.017,000,0.017
2015-11-23,0.017,0.017,0.017,0.017,36000,0.017
2015-11-24,0.017,0.017,0.017,0.017,000,0.017
2015-11-25,0.017,0.017,0.017,0.017,000,0.017
2015-11-26,0.017,0.017,0.017,0.017,000,0.017
2015-11-27,0.018,0.018,0.018,0.018,859100,0.018
2015-11-30,0.018,0.018,0.018,0.018,000,0.018
2015-12-01,0.018,0.018,0.018,0.018,000,0.018
2015-12-02,0.018,0.018,0.018,0.018,000,0.018
2015-12-03,0.018,0.018,0.018,0.018,10000,0.018
2015-12-04,0.018,0.018,0.018,0.018,000,0.018
2015-12-07,0.018,0.018,0.018,0.018,000,0.018
2015-12-08,0.018,0.018,0.018,0.018,000,0.018
2015-12-09,0.017,0.017,0.017,0.017,87500,0.017
2015-12-10,0.017,0.017,0.017,0.017,000,0.017
2015-12-11,0.017,0.017,0.017,0.017,000,0.017
2015-12-14,0.017,0.017,0.017,0.017,000,0.017
2015-12-15,0.017,0.017,0.017,0.017,000,0.017
2015-12-16,0.017,0.019,0.017,0.019,338800,0.019
2015-12-17,0.019,0.019,0.019,0.019,000,0.019
2015-12-18,0.019,0.019,0.019,0.019,000,0.019
2015-12-21,0.019,0.019,0.019,0.019,000,0.019
2015-12-22,0.016,0.016,0.016,0.016,281400,0.016
2015-12-23,0.016,0.016,0.015,0.015,240500,0.015
2015-12-24,0.013,0.013,0.013,0.013,459500,0.013
2015-12-25,0.013,0.013,0.013,0.013,000,0.013
2015-12-28,0.013,0.013,0.013,0.013,000,0.013
2015-12-29,0.015,0.015,0.015,0.015,80200,0.015
2015-12-30,0.015,0.015,0.015,0.015,000,0.015
2015-12-31,0.015,0.015,0.015,0.015,000,0.015
2016-01-01,0.015,0.015,0.015,0.015,000,0.015
2016-01-04,0.015,0.015,0.015,0.015,000,0.015
2016-01-05,0.013,0.013,0.013,0.013,44100,0.013
2016-01-06,0.013,0.013,0.013,0.013,000,0.013
2016-01-07,0.013,0.013,0.013,0.013,000,0.013
2016-01-08,0.019,0.019,0.019,0.019,150000,0.019
2016-01-11,0.022,0.022,0.022,0.022,200000,0.022
2016-01-12,0.019,0.019,0.015,0.015,241000,0.015
2016-01-13,0.015,0.015,0.015,0.015,000,0.015
2016-01-14,0.015,0.015,0.015,0.015,000,0.015
2016-01-15,0.015,0.015,0.015,0.015,000,0.015
2016-01-18,0.015,0.015,0.015,0.015,000,0.015
2016-01-19,0.015,0.015,0.015,0.015,000,0.015
2016-01-20,0.015,0.015,0.015,0.015,000,0.015
2016-01-21,0.015,0.015,0.015,0.015,000,0.015
2016-01-22,0.015,0.015,0.015,0.015,000,0.015
2016-01-25,0.015,0.015,0.015,0.015,000,0.015
2016-01-26,0.015,0.015,0.015,0.015,000,0.015
2016-01-27,0.015,0.015,0.015,0.015,100000,0.015
2016-01-28,0.015,0.015,0.015,0.015,000,0.015
2016-01-29,0.015,0.015,0.015,0.015,000,0.015
2016-02-01,0.015,0.015,0.015,0.015,000,0.015
2016-02-02,0.015,0.015,0.015,0.015,000,0.015
2016-02-03,0.015,0.015,0.015,0.015,55000,0.015
2016-02-04,0.015,0.015,0.015,0.015,000,0.015
2016-02-05,0.017,0.017,0.017,0.017,189000,0.017
2016-02-08,0.017,0.017,0.017,0.017,000,0.017
2016-02-09,0.017,0.017,0.017,0.017,000,0.017
2016-02-10,0.017,0.017,0.017,0.017,000,0.017
2016-02-11,0.018,0.018,0.017,0.017,230000,0.017
2016-02-12,0.018,0.018,0.018,0.018,124000,0.018
2016-02-15,0.018,0.018,0.018,0.018,000,0.018
2016-02-16,0.018,0.018,0.018,0.018,000,0.018
2016-02-17,0.016,0.016,0.016,0.016,20000,0.016
2016-02-18,0.016,0.016,0.016,0.016,000,0.016
2016-02-19,0.016,0.016,0.016,0.016,000,0.016
2016-02-22,0.016,0.016,0.016,0.016,30000,0.016
2016-02-23,0.016,0.016,0.016,0.016,000,0.016
2016-02-24,0.016,0.016,0.013,0.013,223400,0.013
2016-02-25,0.013,0.013,0.013,0.013,000,0.013
2016-02-26,0.013,0.013,0.013,0.013,000,0.013
2016-02-29,0.013,0.013,0.013,0.013,200000,0.013
2016-03-01,0.013,0.013,0.013,0.013,200000,0.013
2016-03-02,0.013,0.013,0.013,0.013,000,0.013
2016-03-03,0.013,0.013,0.013,0.013,000,0.013
2016-03-04,0.013,0.013,0.013,0.013,20000,0.013
2016-03-07,0.013,0.013,0.013,0.013,000,0.013
2016-03-08,0.013,0.013,0.013,0.013,000,0.013
2016-03-09,0.013,0.013,0.013,0.013,000,0.013
2016-03-10,0.013,0.013,0.013,0.013,000,0.013
2016-03-11,0.015,0.015,0.015,0.015,100000,0.015
2016-03-14,0.015,0.015,0.015,0.015,000,0.015
2016-03-15,0.015,0.015,0.015,0.015,000,0.015
2016-03-16,0.016,0.016,0.016,0.016,380900,0.016
2016-03-17,0.016,0.016,0.012,0.012,350000,0.012
2016-03-18,0.012,0.012,0.012,0.012,000,0.012
2016-03-21,0.012,0.012,0.012,0.012,000,0.012
2016-03-22,0.012,0.012,0.012,0.012,000,0.012
2016-03-23,0.012,0.012,0.012,0.012,000,0.012
2016-03-24,0.012,0.012,0.012,0.012,000,0.012
2016-03-25,0.012,0.012,0.012,0.012,000,0.012
2016-03-28,0.012,0.012,0.012,0.012,000,0.012
2016-03-29,0.012,0.012,0.012,0.012,000,0.012
2016-03-30,0.012,0.012,0.012,0.012,000,0.012
2016-03-31,0.012,0.012,0.012,0.012,000,0.012
2016-04-01,0.012,0.012,0.012,0.012,000,0.012
2016-04-04,0.016,0.016,0.015,0.015,828900,0.015
2016-04-05,0.015,0.015,0.015,0.015,000,0.015
2016-04-06,0.016,0.016,0.014,0.014,130400,0.014
2016-04-07,0.016,0.017,0.016,0.016,272500,0.016
2016-04-08,0.016,0.016,0.016,0.016,000,0.016
2016-04-11,0.016,0.016,0.016,0.016,000,0.016
2016-04-12,0.016,0.016,0.016,0.016,000,0.016
2016-04-13,0.015,0.015,0.015,0.015,300000,0.015
2016-04-14,0.015,0.015,0.015,0.015,000,0.015
2016-04-15,0.015,0.015,0.015,0.015,000,0.015


2016-04-18,0.014,0.014,0.014,0.014,000,0.014
2016-04-19,0.014,0.014,0.014,0.014,000,0.014
2016-04-20,0.015,0.015,0.015,0.015,40000,0.015
2016-04-21,0.015,0.015,0.015,0.015,000,0.015
2016-04-22,0.015,0.015,0.015,0.015,000,0.015


2016-04-25,0.015,0.015,0.015,0.015,000,0.015
2016-04-26,0.016,0.016,0.016,0.016,10000,0.016
2016-04-27,0.016,0.016,0.016,0.016,370000,0.016
2016-04-28,0.015,0.015,0.015,0.015,320000,0.015
2016-04-29,0.015,0.015,0.015,0.015,000,0.015


2016-05-02,0.015,0.015,0.015,0.015,000,0.015
2016-05-03,0.015,0.015,0.015,0.015,000,0.015
2016-05-04,0.015,0.015,0.015,0.015,000,0.015
2016-05-05,0.015,0.015,0.015,0.015,000,0.015
2016-05-06,0.015,0.015,0.015,0.015,000,0.015


2016-05-09,0.014,0.014,0.014,0.014,45600,0.014
2016-05-10,0.014,0.014,0.014,0.014,000,0.014
2016-05-11,0.016,0.016,0.016,0.016,76300,0.016
2016-05-12,0.016,0.016,0.016,0.016,000,0.016
2016-05-13,0.016,0.016,0.016,0.016,000,0.016


2016-05-16,0.016,0.016,0.016,0.016,335000,0.016
2016-05-17,0.016,0.016,0.016,0.016,1422500,0.016
2016-05-18,0.016,0.016,0.016,0.016,000,0.016
2016-05-19,0.015,0.015,0.015,0.015,75000,0.015
2016-05-20,0.015,0.015,0.015,0.015,000,0.015


2016-05-23,0.015,0.015,0.015,0.015,000,0.015
2016-05-24,0.015,0.015,0.015,0.015,000,0.015
2016-05-25,0.015,0.015,0.015,0.015,000,0.015
2016-05-26,0.015,0.015,0.015,0.015,125000,0.015
2016-05-27,0.015,0.015,0.015,0.015,000,0.015


2016-05-30,0.015,0.015,0.015,0.015,000,0.015
2016-05-31,0.015,0.015,0.015,0.015,000,0.015
2016-06-01,0.015,0.015,0.015,0.015,000,0.015
2016-06-02,0.015,0.015,0.015,0.015,000,0.015
2016-06-03,0.015,0.015,0.015,0.015,000,0.015


2016-06-06,0.016,0.016,0.016,0.016,52000,0.016
2016-06-07,0.016,0.016,0.016,0.016,000,0.016
2016-06-08,0.016,0.016,0.016,0.016,000,0.016
2016-06-09,0.016,0.016,0.016,0.016,000,0.016
2016-06-10,0.016,0.016,0.016,0.016,000,0.016


2016-06-13,0.016,0.016,0.016,0.016,000,0.016
2016-06-14,0.016,0.016,0.016,0.016,000,0.016
