Date,Open,High,Low,Close,Volume,Adj Close
2015-01-01,0.029,0.029,0.029,0.029,000,0.029
2015-01-02,0.027,0.027,0.027,0.027,48800,0.027
2015-01-05,0.027,0.027,0.027,0.027,000,0.027
2015-01-06,0.027,0.027,0.027,0.027,000,0.027
2015-01-07,0.023,0.023,0.021,0.021,35500,0.021
2015-01-08,0.021,0.021,0.021,0.021,000,0.021
2015-01-09,0.021,0.021,0.021,0.021,000,0.021
2015-01-12,0.02,0.02,0.018,0.018,422200,0.018
2015-01-13,0.018,0.018,0.018,0.018,000,0.018
2015-01-14,0.018,0.018,0.018,0.018,000,0.018
2015-01-15,0.02,0.02,0.02,0.02,10000,0.02
2015-01-16,0.022,0.025,0.022,0.022,122600,0.022
2015-01-19,0.025,0.025,0.025,0.025,75000,0.025
2015-01-20,0.025,0.025,0.025,0.025,000,0.025
2015-01-21,0.025,0.029,0.025,0.029,167700,0.029
2015-01-22,0.034,0.034,0.034,0.034,86300,0.034
2015-01-23,0.034,0.034,0.034,0.034,000,0.034
2015-01-26,0.034,0.034,0.034,0.034,000,0.034
2015-01-27,0.034,0.034,0.034,0.034,000,0.034
2015-01-28,0.034,0.034,0.034,0.034,5000,0.034
2015-01-29,0.034,0.034,0.034,0.034,000,0.034
2015-01-30,0.034,0.034,0.034,0.034,000,0.034
2015-02-02,0.034,0.034,0.034,0.034,100000,0.034
2015-02-03,0.034,0.034,0.034,0.034,000,0.034
2015-02-04,0.035,0.035,0.032,0.032,21600,0.032
2015-02-05,0.032,0.032,0.032,0.032,000,0.032
2015-02-06,0.033,0.033,0.031,0.031,46400,0.031
2015-02-09,0.031,0.031,0.031,0.031,000,0.031
2015-02-10,0.031,0.031,0.031,0.031,000,0.031
2015-02-11,0.031,0.031,0.031,0.031,000,0.031
2015-02-12,0.023,0.023,0.023,0.023,185200,0.023
2015-02-13,0.023,0.025,0.023,0.025,65200,0.025
2015-02-16,0.025,0.025,0.025,0.025,000,0.025
2015-02-17,0.027,0.027,0.027,0.027,274800,0.027
2015-02-18,0.027,0.027,0.027,0.027,22500,0.027
2015-02-19,0.027,0.027,0.027,0.027,000,0.027
2015-02-20,0.033,0.033,0.027,0.027,49900,0.027
2015-02-23,0.027,0.027,0.027,0.027,000,0.027
2015-02-24,0.027,0.027,0.027,0.027,000,0.027
2015-02-25,0.027,0.027,0.027,0.027,000,0.027
2015-02-26,0.027,0.027,0.027,0.027,000,0.027
2015-02-27,0.035,0.035,0.035,0.035,25000,0.035
2015-03-02,0.035,0.035,0.035,0.035,000,0.035
2015-03-03,0.035,0.035,0.035,0.035,000,0.035
2015-03-04,0.034,0.045,0.034,0.04,271700,0.04
2015-03-05,0.04,0.04,0.04,0.04,000,0.04
2015-03-06,0.035,0.035,0.031,0.031,330700,0.031
2015-03-09,0.031,0.031,0.031,0.031,000,0.031
2015-03-10,0.031,0.031,0.031,0.031,000,0.031
2015-03-11,0.03,0.03,0.03,0.03,20000,0.03
2015-03-12,0.03,0.03,0.03,0.03,000,0.03
2015-03-13,0.03,0.03,0.03,0.03,000,0.03
2015-03-16,0.03,0.03,0.03,0.03,000,0.03
2015-03-17,0.03,0.03,0.03,0.03,4300,0.03
2015-03-18,0.03,0.03,0.03,0.03,000,0.03
2015-03-19,0.033,0.033,0.029,0.029,85000,0.029
2015-03-20,0.03,0.03,0.03,0.03,6700,0.03
2015-03-23,0.03,0.03,0.03,0.03,000,0.03
2015-03-24,0.033,0.033,0.033,0.033,29800,0.033
2015-03-25,0.03,0.03,0.03,0.03,7000,0.03
2015-03-26,0.03,0.03,0.03,0.03,000,0.03
2015-03-27,0.03,0.03,0.03,0.03,000,0.03
2015-03-30,0.03,0.03,0.03,0.03,000,0.03
2015-03-31,0.03,0.03,0.03,0.03,000,0.03
2015-04-01,0.03,0.03,0.03,0.03,000,0.03
2015-04-02,0.032,0.032,0.032,0.032,92500,0.032
2015-04-03,0.032,0.032,0.032,0.032,000,0.032
2015-04-06,0.032,0.032,0.032,0.032,000,0.032
2015-04-07,0.03,0.03,0.03,0.03,18200,0.03
2015-04-08,0.03,0.03,0.03,0.03,10800,0.03
2015-04-09,0.03,0.03,0.03,0.03,6100,0.03
2015-04-10,0.033,0.033,0.033,0.033,70000,0.033
2015-04-13,0.033,0.033,0.033,0.033,000,0.033
2015-04-14,0.034,0.041,0.034,0.041,214400,0.041
2015-04-15,0.045,0.056,0.045,0.056,653600,0.056
2015-04-16,0.05,0.05,0.05,0.05,10000,0.05
2015-04-17,0.045,0.05,0.045,0.05,120000,0.05
2015-04-20,0.049,0.049,0.049,0.049,20000,0.049
2015-04-21,0.043,0.043,0.043,0.043,20600,0.043
2015-04-22,0.043,0.043,0.04,0.04,91800,0.04
2015-04-23,0.04,0.04,0.04,0.04,000,0.04
2015-04-24,0.04,0.04,0.04,0.04,50000,0.04
2015-04-27,0.04,0.04,0.035,0.035,116500,0.035
2015-04-28,0.035,0.035,0.035,0.035,273700,0.035
2015-04-29,0.029,0.029,0.029,0.029,28800,0.029
2015-04-30,0.029,0.029,0.028,0.028,25000,0.028
2015-05-01,0.028,0.028,0.027,0.028,72600,0.028
2015-05-04,0.028,0.028,0.028,0.028,50000,0.028
2015-05-05,0.028,0.028,0.028,0.028,000,0.028
2015-05-06,0.028,0.028,0.028,0.028,000,0.028
2015-05-07,0.033,0.033,0.033,0.033,20000,0.033
2015-05-08,0.033,0.033,0.033,0.033,20000,0.033
2015-05-11,0.03,0.03,0.03,0.03,50000,0.03
2015-05-12,0.029,0.029,0.029,0.029,20000,0.029
2015-05-13,0.029,0.03,0.029,0.03,156300,0.03
2015-05-14,0.03,0.03,0.03,0.03,000,0.03
2015-05-15,0.03,0.03,0.03,0.03,000,0.03
2015-05-18,0.03,0.03,0.03,0.03,28400,0.03
2015-05-19,0.032,0.034,0.032,0.032,131000,0.032
2015-05-20,0.032,0.032,0.032,0.032,000,0.032
2015-05-21,0.032,0.032,0.032,0.032,000,0.032
2015-05-22,0.03,0.03,0.03,0.03,200000,0.03
2015-05-25,0.028,0.028,0.028,0.028,167900,0.028
2015-05-26,0.028,0.028,0.028,0.028,000,0.028
2015-05-27,0.028,0.028,0.028,0.028,000,0.028
2015-05-28,0.028,0.028,0.028,0.028,000,0.028
2015-05-29,0.026,0.026,0.026,0.026,23600,0.026
2015-06-01,0.026,0.026,0.026,0.026,000,0.026
2015-06-02,0.026,0.026,0.026,0.026,000,0.026
2015-06-03,0.026,0.026,0.026,0.026,000,0.026
2015-06-04,0.028,0.03,0.028,0.028,60300,0.028
2015-06-05,0.03,0.03,0.03,0.03,60000,0.03
2015-06-08,0.03,0.03,0.03,0.03,000,0.03
2015-06-09,0.032,0.032,0.032,0.032,200000,0.032
2015-06-10,0.032,0.032,0.03,0.03,97100,0.03
2015-06-11,0.03,0.03,0.03,0.03,50000,0.03
2015-06-12,0.032,0.032,0.032,0.032,16800,0.032
2015-06-15,0.03,0.03,0.026,0.026,67000,0.026
2015-06-16,0.026,0.026,0.026,0.026,000,0.026
2015-06-17,0.026,0.026,0.026,0.026,000,0.026
2015-06-18,0.026,0.026,0.026,0.026,000,0.026
2015-06-19,0.026,0.026,0.026,0.026,000,0.026
2015-06-22,0.026,0.026,0.026,0.026,000,0.026
2015-06-23,0.022,0.022,0.022,0.022,50000,0.022
2015-06-24,0.021,0.024,0.02,0.024,301000,0.024
2015-06-25,0.024,0.024,0.024,0.024,131800,0.024
2015-06-26,0.024,0.024,0.024,0.024,000,0.024
2015-06-29,0.024,0.024,0.024,0.024,8500,0.024
2015-06-30,0.024,0.024,0.024,0.024,000,0.024
2015-07-01,0.024,0.024,0.024,0.024,000,0.024
2015-07-02,0.024,0.024,0.024,0.024,000,0.024
2015-07-03,0.024,0.024,0.024,0.024,000,0.024
2015-07-06,0.03,0.03,0.03,0.03,150000,0.03
2015-07-07,0.03,0.03,0.03,0.03,000,0.03
2015-07-08,0.03,0.03,0.03,0.03,000,0.03
2015-07-09,0.03,0.03,0.03,0.03,000,0.03
2015-07-10,0.03,0.03,0.03,0.03,000,0.03
2015-07-13,0.03,0.03,0.03,0.03,000,0.03
2015-07-14,0.03,0.03,0.03,0.03,000,0.03
2015-07-15,0.03,0.03,0.03,0.03,000,0.03
2015-07-16,0.03,0.03,0.03,0.03,000,0.03
2015-07-17,0.03,0.03,0.03,0.03,000,0.03
2015-07-20,0.03,0.03,0.03,0.03,000,0.03
2015-07-21,0.03,0.03,0.03,0.03,000,0.03
2015-07-22,0.03,0.03,0.03,0.03,000,0.03
2015-07-23,0.03,0.03,0.03,0.03,000,0.03
2015-07-24,0.03,0.03,0.03,0.03,000,0.03
2015-07-27,0.03,0.03,0.03,0.03,000,0.03
2015-07-28,0.03,0.03,0.03,0.03,000,0.03
2015-07-29,0.024,0.024,0.024,0.024,50000,0.024
2015-07-30,0.028,0.028,0.026,0.026,150000,0.026
2015-07-31,0.026,0.026,0.026,0.026,000,0.026
2015-08-03,0.026,0.026,0.026,0.026,000,0.026
2015-08-04,0.026,0.026,0.026,0.026,000,0.026
2015-08-05,0.026,0.026,0.026,0.026,000,0.026
2015-08-06,0.026,0.026,0.026,0.026,000,0.026
2015-08-07,0.026,0.026,0.026,0.026,000,0.026
2015-08-10,0.026,0.026,0.026,0.026,000,0.026
2015-08-11,0.027,0.028,0.027,0.028,121300,0.028
2015-08-12,0.03,0.03,0.029,0.029,164300,0.029
2015-08-13,0.029,0.029,0.029,0.029,000,0.029
2015-08-14,0.027,0.027,0.026,0.026,80000,0.026
2015-08-17,0.026,0.026,0.026,0.026,5900,0.026
2015-08-18,0.027,0.027,0.027,0.027,12200,0.027
2015-08-19,0.028,0.028,0.028,0.028,55900,0.028
2015-08-20,0.028,0.028,0.028,0.028,000,0.028
2015-08-24,0.028,0.028,0.028,0.028,000,0.028
2015-08-25,0.03,0.03,0.03,0.03,29800,0.03
2015-08-26,0.03,0.03,0.03,0.03,000,0.03
2015-08-27,0.03,0.03,0.03,0.03,14700,0.03
2015-08-28,0.03,0.03,0.03,0.03,000,0.03
2015-08-31,0.03,0.03,0.029,0.029,111100,0.029
2015-09-01,0.029,0.029,0.029,0.029,000,0.029
2015-09-02,0.029,0.029,0.029,0.029,000,0.029
2015-09-03,0.029,0.029,0.029,0.029,000,0.029
2015-09-04,0.029,0.029,0.029,0.029,000,0.029
2015-09-07,0.029,0.029,0.029,0.029,3500,0.029
2015-09-08,0.032,0.032,0.03,0.03,120000,0.03
2015-09-09,0.03,0.03,0.03,0.03,000,0.03
2015-09-10,0.03,0.03,0.03,0.03,000,0.03
2015-09-11,0.03,0.03,0.03,0.03,000,0.03
2015-09-14,0.033,0.033,0.033,0.033,30000,0.033
2015-09-15,0.033,0.033,0.033,0.033,000,0.033
2015-09-16,0.033,0.033,0.033,0.033,000,0.033
2015-09-17,0.033,0.033,0.033,0.033,38800,0.033
2015-09-18,0.033,0.033,0.033,0.033,60000,0.033
2015-09-21,0.033,0.033,0.033,0.033,000,0.033
2015-09-22,0.033,0.033,0.033,0.033,8700,0.033
2015-09-23,0.033,0.033,0.033,0.033,000,0.033
2015-09-24,0.033,0.033,0.033,0.033,000,0.033
2015-09-25,0.033,0.033,0.033,0.033,000,0.033
2015-09-28,0.032,0.032,0.032,0.032,16000,0.032
2015-09-29,0.03,0.03,0.03,0.03,20700,0.03
2015-09-30,0.03,0.03,0.03,0.03,10000,0.03
2015-10-01,0.03,0.03,0.03,0.03,11600,0.03
2015-10-02,0.03,0.03,0.03,0.03,80000,0.03
2015-10-05,0.033,0.033,0.033,0.033,27000,0.033
2015-10-06,0.033,0.033,0.033,0.033,3000,0.033
2015-10-07,0.033,0.033,0.033,0.033,000,0.033
2015-10-08,0.033,0.033,0.033,0.033,000,0.033
2015-10-09,0.033,0.033,0.033,0.033,000,0.033
2015-10-12,0.03,0.03,0.03,0.03,11800,0.03
2015-10-13,0.03,0.03,0.03,0.03,000,0.03
2015-10-14,0.03,0.03,0.03,0.03,000,0.03
2015-10-15,0.03,0.03,0.03,0.03,34100,0.03
2015-10-16,0.03,0.03,0.03,0.03,000,0.03
2015-10-19,0.03,0.03,0.03,0.03,000,0.03
2015-10-20,0.03,0.03,0.03,0.03,000,0.03
2015-10-21,0.03,0.03,0.029,0.029,48500,0.029
2015-10-22,0.029,0.029,0.029,0.029,000,0.029
2015-10-23,0.029,0.029,0.028,0.028,84300,0.028
2015-10-26,0.028,0.028,0.025,0.025,117000,0.025
2015-10-27,0.028,0.029,0.028,0.029,80000,0.029
2015-10-28,0.03,0.03,0.03,0.03,20000,0.03
2015-10-29,0.03,0.032,0.03,0.032,359200,0.032
2015-10-30,0.032,0.032,0.032,0.032,80000,0.032
2015-11-02,0.032,0.032,0.032,0.032,000,0.032
2015-11-03,0.032,0.032,0.032,0.032,000,0.032
2015-11-04,0.032,0.032,0.032,0.032,000,0.032
2015-11-05,0.03,0.03,0.03,0.03,30000,0.03
2015-11-06,0.028,0.028,0.028,0.028,73000,0.028
2015-11-09,0.028,0.028,0.028,0.028,000,0.028
2015-11-10,0.028,0.028,0.028,0.028,000,0.028
2015-11-11,0.028,0.028,0.028,0.028,000,0.028
2015-11-12,0.027,0.027,0.027,0.027,47700,0.027
2015-11-13,0.027,0.027,0.027,0.027,000,0.027
2015-11-16,0.027,0.027,0.027,0.027,000,0.027
2015-11-17,0.027,0.027,0.027,0.027,000,0.027
2015-11-18,0.027,0.027,0.027,0.027,000,0.027
2015-11-19,0.027,0.027,0.027,0.027,19000,0.027
2015-11-20,0.027,0.027,0.027,0.027,000,0.027
2015-11-23,0.027,0.027,0.027,0.027,22800,0.027
2015-11-24,0.027,0.027,0.027,0.027,000,0.027
2015-11-25,0.026,0.026,0.026,0.026,27700,0.026
2015-11-26,0.026,0.026,0.026,0.026,000,0.026
2015-11-27,0.026,0.026,0.026,0.026,000,0.026
2015-11-30,0.026,0.027,0.026,0.027,102200,0.027
2015-12-01,0.025,0.025,0.025,0.025,16400,0.025
2015-12-02,0.025,0.025,0.025,0.025,000,0.025
2015-12-03,0.025,0.025,0.025,0.025,000,0.025
2015-12-04,0.021,0.022,0.021,0.022,36700,0.022
2015-12-07,0.022,0.022,0.022,0.022,000,0.022
2015-12-08,0.022,0.022,0.022,0.022,000,0.022
2015-12-09,0.022,0.022,0.022,0.022,000,0.022
2015-12-10,0.022,0.022,0.021,0.021,90000,0.021
2015-12-11,0.021,0.021,0.021,0.021,000,0.021
2015-12-14,0.021,0.021,0.021,0.021,000,0.021
2015-12-15,0.021,0.021,0.021,0.021,000,0.021
2015-12-16,0.021,0.021,0.021,0.021,000,0.021
2015-12-17,0.021,0.021,0.021,0.021,23300,0.021
2015-12-18,0.022,0.022,0.022,0.022,15000,0.022
2015-12-21,0.022,0.022,0.022,0.022,000,0.022
2015-12-22,0.022,0.022,0.022,0.022,000,0.022
2015-12-23,0.022,0.022,0.022,0.022,000,0.022
2015-12-24,0.022,0.022,0.022,0.022,000,0.022
2015-12-25,0.022,0.022,0.022,0.022,000,0.022
2015-12-28,0.022,0.022,0.022,0.022,000,0.022
2015-12-29,0.022,0.022,0.022,0.022,000,0.022
2015-12-30,0.021,0.021,0.021,0.021,50000,0.021
2015-12-31,0.021,0.021,0.021,0.021,000,0.021
2016-01-01,0.021,0.021,0.021,0.021,000,0.021
2016-01-04,0.021,0.021,0.021,0.021,000,0.021
2016-01-05,0.021,0.021,0.021,0.021,000,0.021
2016-01-06,0.021,0.021,0.021,0.021,000,0.021
2016-01-07,0.021,0.021,0.021,0.021,000,0.021
2016-01-08,0.021,0.021,0.021,0.021,000,0.021
2016-01-11,0.021,0.021,0.021,0.021,000,0.021
2016-01-12,0.021,0.021,0.021,0.021,000,0.021
2016-01-13,0.021,0.021,0.021,0.021,000,0.021
2016-01-14,0.021,0.021,0.021,0.021,000,0.021
2016-01-15,0.022,0.022,0.022,0.022,20000,0.022
2016-01-18,0.022,0.022,0.021,0.021,60000,0.021
2016-01-19,0.021,0.021,0.021,0.021,000,0.021
2016-01-20,0.021,0.021,0.021,0.021,000,0.021
2016-01-21,0.021,0.021,0.021,0.021,000,0.021
2016-01-22,0.021,0.021,0.021,0.021,000,0.021
2016-01-25,0.021,0.021,0.021,0.021,000,0.021
2016-01-26,0.021,0.021,0.021,0.021,000,0.021
2016-01-27,0.021,0.021,0.021,0.021,000,0.021
2016-01-28,0.022,0.023,0.022,0.023,17000,0.023
2016-01-29,0.023,0.023,0.023,0.023,000,0.023
2016-02-01,0.023,0.023,0.023,0.023,000,0.023
2016-02-02,0.023,0.023,0.023,0.023,000,0.023
2016-02-03,0.023,0.023,0.023,0.023,000,0.023
2016-02-04,0.023,0.023,0.023,0.023,000,0.023
2016-02-05,0.025,0.025,0.025,0.025,7000,0.025
2016-02-08,0.025,0.025,0.025,0.025,000,0.025
2016-02-09,0.025,0.025,0.025,0.025,000,0.025
2016-02-10,0.025,0.025,0.025,0.025,000,0.025
2016-02-11,0.025,0.025,0.025,0.025,000,0.025
2016-02-12,0.025,0.025,0.025,0.025,000,0.025
2016-02-15,0.023,0.023,0.021,0.021,29000,0.021
2016-02-16,0.021,0.021,0.021,0.021,000,0.021
2016-02-17,0.022,0.022,0.022,0.022,22400,0.022
2016-02-18,0.022,0.022,0.022,0.022,13100,0.022
2016-02-19,0.022,0.022,0.022,0.022,000,0.022
2016-02-22,0.022,0.022,0.022,0.022,000,0.022
2016-02-23,0.022,0.022,0.022,0.022,000,0.022
2016-02-24,0.022,0.022,0.021,0.021,15000,0.021
2016-02-25,0.021,0.021,0.021,0.021,000,0.021
2016-02-26,0.021,0.021,0.021,0.021,000,0.021
2016-02-29,0.021,0.021,0.021,0.021,000,0.021
2016-03-01,0.021,0.021,0.021,0.021,000,0.021
2016-03-02,0.021,0.021,0.021,0.021,000,0.021
2016-03-03,0.021,0.021,0.021,0.021,000,0.021
2016-03-04,0.025,0.025,0.025,0.025,120000,0.025
2016-03-07,0.025,0.025,0.025,0.025,000,0.025
2016-03-08,0.025,0.025,0.025,0.025,000,0.025
2016-03-09,0.025,0.025,0.025,0.025,000,0.025
2016-03-10,0.025,0.025,0.025,0.025,000,0.025
2016-03-11,0.023,0.023,0.021,0.021,197000,0.021
2016-03-14,0.021,0.021,0.021,0.021,000,0.021
2016-03-15,0.021,0.021,0.021,0.021,000,0.021
2016-03-16,0.021,0.021,0.021,0.021,000,0.021
2016-03-17,0.021,0.021,0.021,0.021,000,0.021
2016-03-18,0.021,0.021,0.021,0.021,30000,0.021
2016-03-21,0.021,0.021,0.021,0.021,000,0.021
2016-03-22,0.021,0.021,0.021,0.021,000,0.021
2016-03-23,0.021,0.021,0.021,0.021,000,0.021
2016-03-24,0.021,0.021,0.021,0.021,000,0.021
2016-03-25,0.021,0.021,0.021,0.021,000,0.021
2016-03-28,0.021,0.021,0.021,0.021,000,0.021
2016-03-29,0.021,0.021,0.021,0.021,11400,0.021
2016-03-30,0.021,0.021,0.021,0.021,000,0.021
2016-03-31,0.021,0.021,0.021,0.021,000,0.021
2016-04-01,0.021,0.021,0.021,0.021,000,0.021
2016-04-04,0.021,0.021,0.021,0.021,000,0.021
2016-04-05,0.021,0.021,0.021,0.021,000,0.021
2016-04-06,0.021,0.021,0.021,0.021,000,0.021
2016-04-07,0.021,0.021,0.021,0.021,000,0.021
2016-04-08,0.021,0.021,0.021,0.021,000,0.021
2016-04-11,0.021,0.021,0.021,0.021,000,0.021
2016-04-12,0.021,0.021,0.021,0.021,000,0.021
2016-04-13,0.021,0.021,0.021,0.021,000,0.021
2016-04-14,0.021,0.021,0.021,0.021,000,0.021
2016-04-15,0.016,0.02,0.016,0.02,29600,0.02


2016-04-18,0.02,0.02,0.02,0.02,000,0.02
2016-04-19,0.02,0.02,0.02,0.02,000,0.02
2016-04-20,0.02,0.02,0.02,0.02,000,0.02
2016-04-21,0.025,0.026,0.025,0.026,147000,0.026
2016-04-22,0.03,0.033,0.03,0.033,550400,0.033


2016-04-25,0.033,0.033,0.033,0.033,000,0.033
2016-04-26,0.033,0.033,0.033,0.033,150000,0.033
2016-04-27,0.033,0.033,0.033,0.033,000,0.033
2016-04-28,0.033,0.033,0.033,0.033,000,0.033
2016-04-29,0.034,0.034,0.034,0.034,60000,0.034


2016-05-02,0.032,0.032,0.032,0.032,211300,0.032
2016-05-03,0.031,0.031,0.031,0.031,10000,0.031
2016-05-04,0.031,0.031,0.031,0.031,000,0.031
2016-05-05,0.031,0.031,0.031,0.031,000,0.031
2016-05-06,0.04,0.04,0.039,0.04,420400,0.04


2016-05-09,0.043,0.047,0.043,0.047,417900,0.047
2016-05-10,0.045,0.045,0.038,0.038,211900,0.038
2016-05-11,0.037,0.037,0.036,0.036,130200,0.036
2016-05-12,0.033,0.033,0.033,0.033,14700,0.033
2016-05-13,0.037,0.037,0.037,0.037,40000,0.037


2016-05-16,0.037,0.037,0.037,0.037,20000,0.037
2016-05-17,0.037,0.037,0.037,0.037,000,0.037
2016-05-18,0.037,0.037,0.037,0.037,000,0.037
2016-05-19,0.037,0.037,0.037,0.037,15000,0.037
2016-05-20,0.033,0.033,0.033,0.033,20000,0.033


2016-05-23,0.033,0.033,0.033,0.033,000,0.033
2016-05-24,0.033,0.033,0.033,0.033,000,0.033
2016-05-25,0.034,0.034,0.034,0.034,20000,0.034
2016-05-26,0.034,0.034,0.034,0.034,000,0.034
2016-05-27,0.034,0.034,0.034,0.034,000,0.034


2016-05-30,0.034,0.034,0.034,0.034,1500,0.034
2016-05-31,0.036,0.036,0.036,0.036,100000,0.036
2016-06-01,0.036,0.039,0.036,0.039,139600,0.039
2016-06-02,0.039,0.039,0.039,0.039,000,0.039
2016-06-03,0.04,0.04,0.04,0.04,73500,0.04


2016-06-06,0.04,0.04,0.04,0.04,000,0.04
2016-06-07,0.036,0.036,0.036,0.036,1000,0.036
2016-06-08,0.036,0.036,0.036,0.036,000,0.036
2016-06-09,0.036,0.036,0.036,0.036,000,0.036
2016-06-10,0.035,0.036,0.035,0.035,211800,0.035


2016-06-13,0.035,0.035,0.035,0.035,000,0.035
2016-06-14,0.032,0.032,0.032,0.032,16200,0.032
