Date,Open,High,Low,Close,Volume,Adj Close
2015-01-01,0.48,0.48,0.48,0.48,000,0.48
2015-01-02,0.475,0.48,0.475,0.48,12400,0.48
2015-01-05,0.475,0.475,0.475,0.475,4000,0.475
2015-01-06,0.475,0.475,0.47,0.47,48100,0.47
2015-01-07,0.47,0.47,0.43,0.43,292700,0.43
2015-01-08,0.43,0.45,0.43,0.45,47500,0.45
2015-01-09,0.455,0.46,0.455,0.46,92600,0.46
2015-01-12,0.45,0.47,0.45,0.45,197000,0.45
2015-01-13,0.45,0.465,0.45,0.45,115600,0.45
2015-01-14,0.46,0.47,0.46,0.47,217800,0.47
2015-01-15,0.47,0.47,0.46,0.46,35000,0.46
2015-01-16,0.46,0.46,0.455,0.455,7400,0.455
2015-01-19,0.455,0.455,0.455,0.455,33100,0.455
2015-01-20,0.455,0.46,0.455,0.455,50000,0.455
2015-01-21,0.46,0.46,0.45,0.45,112700,0.45
2015-01-22,0.455,0.46,0.445,0.46,90500,0.46
2015-01-23,0.46,0.48,0.45,0.46,143200,0.46
2015-01-26,0.46,0.46,0.46,0.46,000,0.46
2015-01-27,0.45,0.46,0.43,0.46,117000,0.46
2015-01-28,0.45,0.46,0.45,0.45,37000,0.45
2015-01-29,0.45,0.46,0.45,0.46,27100,0.46
2015-01-30,0.46,0.52,0.45,0.52,1076500,0.52
2015-02-02,0.52,0.52,0.49,0.52,300200,0.52
2015-02-03,0.52,0.52,0.495,0.51,73300,0.51
2015-02-04,0.51,0.52,0.51,0.515,177800,0.515
2015-02-05,0.515,0.53,0.515,0.515,37900,0.515
2015-02-06,0.515,0.52,0.505,0.51,110700,0.51
2015-02-09,0.52,0.525,0.49,0.525,118800,0.525
2015-02-10,0.49,0.52,0.49,0.52,92800,0.52
2015-02-11,0.52,0.52,0.52,0.52,68700,0.52
2015-02-12,0.52,0.52,0.52,0.52,35600,0.52
2015-02-13,0.52,0.525,0.49,0.52,105600,0.52
2015-02-16,0.52,0.525,0.485,0.49,135500,0.49
2015-02-17,0.49,0.49,0.47,0.47,123300,0.47
2015-02-18,0.48,0.48,0.47,0.475,79500,0.475
2015-02-19,0.475,0.48,0.475,0.475,213200,0.475
2015-02-20,0.475,0.49,0.475,0.49,46500,0.49
2015-02-23,0.47,0.47,0.35,0.40,1681900,0.40
2015-02-24,0.42,0.445,0.41,0.44,688800,0.44
2015-02-25,0.44,0.45,0.44,0.44,166200,0.44
2015-02-26,0.44,0.44,0.44,0.44,226900,0.44
2015-02-27,0.45,0.45,0.44,0.44,110500,0.44
2015-03-02,0.435,0.45,0.43,0.45,230900,0.45
2015-03-03,0.475,0.51,0.475,0.50,196900,0.50
2015-03-04,0.50,0.505,0.485,0.485,308300,0.485
2015-03-05,0.485,0.495,0.475,0.49,268600,0.49
2015-03-06,0.485,0.485,0.47,0.47,272900,0.47
2015-03-09,0.465,0.465,0.45,0.45,179200,0.45
2015-03-10,0.455,0.465,0.45,0.465,88000,0.465
2015-03-11,0.465,0.47,0.445,0.445,159200,0.445
2015-03-12,0.45,0.47,0.45,0.47,188600,0.47
2015-03-13,0.48,0.51,0.48,0.48,687800,0.48
2015-03-16,0.49,0.555,0.49,0.555,412700,0.555
2015-03-17,0.54,0.54,0.53,0.53,103800,0.53
2015-03-18,0.53,0.54,0.53,0.535,264300,0.535
2015-03-19,0.54,0.56,0.535,0.56,329800,0.56
2015-03-20,0.56,0.60,0.56,0.60,357700,0.60
2015-03-23,0.605,0.62,0.595,0.605,416200,0.605
2015-03-24,0.61,0.625,0.595,0.60,599800,0.60
2015-03-25,0.60,0.63,0.60,0.625,105200,0.625
2015-03-26,0.625,0.63,0.60,0.63,218400,0.63
2015-03-27,0.64,0.695,0.63,0.665,168700,0.665
2015-03-30,0.66,0.67,0.62,0.63,150800,0.63
2015-03-31,0.63,0.675,0.63,0.665,386500,0.665
2015-04-01,0.665,0.665,0.64,0.64,628700,0.64
2015-04-02,0.65,0.655,0.645,0.645,61300,0.645
2015-04-03,0.645,0.645,0.645,0.645,000,0.645
2015-04-06,0.645,0.645,0.645,0.645,000,0.645
2015-04-07,0.64,0.67,0.64,0.65,252700,0.65
2015-04-08,0.67,0.675,0.65,0.675,33500,0.675
2015-04-09,0.67,0.67,0.625,0.625,75200,0.625
2015-04-10,0.63,0.65,0.62,0.62,105700,0.62
2015-04-13,0.65,0.655,0.64,0.645,71400,0.645
2015-04-14,0.64,0.64,0.63,0.63,27400,0.63
2015-04-15,0.64,0.645,0.63,0.645,100200,0.645
2015-04-16,0.645,0.645,0.63,0.63,88100,0.63
2015-04-17,0.63,0.63,0.62,0.63,17500,0.63
2015-04-20,0.625,0.625,0.62,0.62,32700,0.62
2015-04-21,0.615,0.615,0.585,0.585,135900,0.585
2015-04-22,0.56,0.57,0.55,0.555,166600,0.555
2015-04-23,0.555,0.56,0.55,0.56,51500,0.56
2015-04-24,0.56,0.565,0.56,0.56,22000,0.56
2015-04-27,0.57,0.595,0.57,0.595,70300,0.595
2015-04-28,0.60,0.60,0.57,0.57,13800,0.57
2015-04-29,0.57,0.60,0.57,0.58,38500,0.58
2015-04-30,0.60,0.60,0.57,0.60,49400,0.60
2015-05-01,0.58,0.595,0.58,0.595,74300,0.595
2015-05-04,0.60,0.645,0.60,0.61,189400,0.61
2015-05-05,0.61,0.625,0.60,0.60,91600,0.60
2015-05-06,0.60,0.60,0.58,0.60,69900,0.60
2015-05-07,0.595,0.595,0.56,0.56,102000,0.56
2015-05-08,0.56,0.57,0.555,0.57,72500,0.57
2015-05-11,0.57,0.58,0.565,0.565,105500,0.565
2015-05-12,0.575,0.585,0.57,0.585,125400,0.585
2015-05-13,0.57,0.58,0.56,0.58,43700,0.58
2015-05-14,0.56,0.575,0.56,0.565,96300,0.565
2015-05-15,0.565,0.565,0.56,0.56,73500,0.56
2015-05-18,0.56,0.56,0.55,0.55,112300,0.55
2015-05-19,0.56,0.56,0.56,0.56,10000,0.56
2015-05-20,0.56,0.56,0.56,0.56,85300,0.56
2015-05-21,0.56,0.575,0.56,0.575,17500,0.575
2015-05-22,0.58,0.582,0.56,0.582,39000,0.582
2015-05-25,0.585,0.59,0.585,0.59,57500,0.59
2015-05-26,0.63,0.655,0.63,0.64,306500,0.64
2015-05-27,0.65,0.65,0.63,0.63,129200,0.63
2015-05-28,0.64,0.655,0.635,0.655,85900,0.655
2015-05-29,0.65,0.65,0.64,0.64,176600,0.64
2015-06-01,0.64,0.64,0.62,0.62,105300,0.62
2015-06-02,0.64,0.64,0.63,0.63,10100,0.63
2015-06-03,0.63,0.64,0.625,0.627,64900,0.627
2015-06-04,0.635,0.64,0.60,0.60,125800,0.60
2015-06-05,0.59,0.59,0.585,0.59,69800,0.59
2015-06-08,0.59,0.59,0.59,0.59,000,0.59
2015-06-09,0.575,0.585,0.565,0.585,99900,0.585
2015-06-10,0.59,0.60,0.56,0.60,64700,0.60
2015-06-11,0.60,0.625,0.60,0.625,45300,0.625
2015-06-12,0.63,0.655,0.625,0.655,354500,0.655
2015-06-15,0.65,0.655,0.64,0.64,13100,0.64
2015-06-16,0.71,0.75,0.70,0.75,1054900,0.75
2015-06-17,0.75,0.75,0.72,0.725,207600,0.725
2015-06-18,0.72,0.765,0.72,0.75,343600,0.75
2015-06-19,0.75,0.75,0.71,0.72,111300,0.72
2015-06-22,0.73,0.745,0.73,0.745,52300,0.745
2015-06-23,0.745,0.81,0.745,0.745,529200,0.745
2015-06-24,0.75,0.795,0.75,0.775,79600,0.775
2015-06-25,0.75,0.75,0.74,0.75,153800,0.75
2015-06-26,0.795,0.795,0.715,0.73,369500,0.73
2015-06-29,0.71,0.75,0.70,0.735,117200,0.735
2015-06-30,0.735,0.76,0.72,0.74,255300,0.74
2015-07-01,0.75,0.76,0.75,0.76,44600,0.76
2015-07-02,0.77,0.81,0.76,0.77,108300,0.77
2015-07-03,0.77,0.77,0.745,0.745,123400,0.745
2015-07-06,0.74,0.74,0.71,0.73,202400,0.73
2015-07-07,0.73,0.75,0.715,0.75,132000,0.75
2015-07-08,0.75,0.755,0.75,0.75,36000,0.75
2015-07-09,0.745,0.75,0.72,0.73,112100,0.73
2015-07-10,0.73,0.73,0.71,0.72,61800,0.72
2015-07-13,0.73,0.73,0.72,0.72,81900,0.72
2015-07-14,0.74,0.74,0.725,0.73,145400,0.73
2015-07-15,0.74,0.75,0.735,0.735,103500,0.735
2015-07-16,0.735,0.74,0.715,0.715,118900,0.715
2015-07-17,0.72,0.76,0.71,0.71,232600,0.71
2015-07-20,0.74,0.74,0.725,0.74,82900,0.74
2015-07-21,0.745,0.76,0.745,0.75,274800,0.75
2015-07-22,0.76,0.765,0.75,0.76,50600,0.76
2015-07-23,0.765,0.78,0.765,0.77,87600,0.77
2015-07-24,0.79,0.87,0.79,0.86,895600,0.86
2015-07-27,0.875,0.95,0.87,0.915,485400,0.915
2015-07-28,0.92,0.92,0.88,0.905,270500,0.905
2015-07-29,0.91,0.91,0.875,0.88,175600,0.88
2015-07-30,0.89,0.93,0.89,0.93,241700,0.93
2015-07-31,0.93,0.93,0.87,0.87,136200,0.87
2015-08-03,0.875,0.90,0.875,0.895,93300,0.895
2015-08-04,0.895,0.91,0.885,0.91,98700,0.91
2015-08-05,0.925,0.935,0.885,0.925,82800,0.925
2015-08-06,0.91,0.91,0.90,0.905,35400,0.905
2015-08-07,0.895,0.90,0.885,0.885,150800,0.885
2015-08-10,0.885,0.885,0.87,0.875,108500,0.875
2015-08-11,0.875,0.89,0.875,0.875,101800,0.875
2015-08-12,0.87,0.88,0.835,0.84,163800,0.84
2015-08-13,0.85,0.865,0.835,0.865,114300,0.865
2015-08-14,0.90,0.975,0.90,0.92,639800,0.92
2015-08-17,0.93,0.94,0.90,0.92,100200,0.92
2015-08-18,0.905,0.91,0.88,0.91,231000,0.91
2015-08-19,0.91,0.98,0.91,0.98,4523100,0.98
2015-08-20,1.015,1.08,1.015,1.07,974100,1.07
2015-08-21,1.06,1.075,1.04,1.055,463500,1.055
2015-08-24,1.03,1.03,0.91,0.995,513100,0.995
2015-08-25,0.95,1.00,0.93,0.98,368400,0.98
2015-08-26,0.995,1.022,0.975,1.01,345600,1.01
2015-08-27,1.04,1.045,1.005,1.005,193100,1.005
2015-08-28,1.01,1.025,1.005,1.01,135000,1.01
2015-08-31,1.01,1.03,1.00,1.00,91700,1.00
2015-09-01,1.01,1.02,0.995,1.00,490800,1.00
2015-09-02,0.94,0.98,0.935,0.96,116800,0.96
2015-09-03,0.965,0.99,0.965,0.965,163200,0.965
2015-09-04,0.965,0.97,0.955,0.97,148600,0.97
2015-09-07,0.95,0.975,0.945,0.96,92000,0.96
2015-09-08,0.955,0.98,0.945,0.98,232900,0.98
2015-09-09,0.98,1.045,0.975,1.04,379500,1.04
2015-09-10,1.00,1.05,0.995,1.005,219900,1.005
2015-09-11,1.01,1.10,1.01,1.06,158800,1.06
2015-09-14,1.025,1.065,1.015,1.065,160600,1.065
2015-09-15,1.055,1.065,1.045,1.05,276900,1.05
2015-09-16,1.05,1.095,1.045,1.09,518100,1.09
2015-09-17,1.11,1.20,1.11,1.175,719300,1.175
2015-09-18,1.175,1.32,1.175,1.295,739200,1.295
2015-09-21,1.31,1.43,1.31,1.38,942600,1.38
2015-09-22,1.41,1.43,1.325,1.345,635500,1.345
2015-09-23,1.355,1.42,1.35,1.42,336700,1.42
2015-09-24,1.415,1.42,1.38,1.415,246000,1.415
2015-09-25,1.41,1.41,1.28,1.335,276200,1.335
2015-09-28,1.34,1.405,1.31,1.37,305500,1.37
2015-09-29,1.36,1.41,1.34,1.40,292000,1.40
2015-09-30,1.40,1.50,1.40,1.475,385900,1.475
2015-10-01,1.49,1.63,1.48,1.60,987400,1.60
2015-10-02,1.64,1.705,1.64,1.69,503100,1.69
2015-10-05,1.705,1.785,1.525,1.54,644100,1.54
2015-10-06,1.57,1.64,1.555,1.605,453400,1.605
2015-10-07,1.58,1.58,1.48,1.525,511300,1.525
2015-10-08,1.50,1.59,1.50,1.55,367600,1.55
2015-10-09,1.55,1.55,1.47,1.49,251500,1.49
2015-10-12,1.49,1.61,1.48,1.53,601200,1.53
2015-10-13,1.495,1.65,1.49,1.62,436300,1.62
2015-10-14,1.65,1.755,1.625,1.70,775500,1.70
2015-10-15,1.71,1.74,1.68,1.70,344600,1.70
2015-10-16,1.70,1.705,1.67,1.69,243500,1.69
2015-10-19,1.695,1.695,1.60,1.62,457200,1.62
2015-10-20,1.645,1.70,1.637,1.675,419800,1.675
2015-10-21,1.67,1.70,1.665,1.69,178400,1.69
2015-10-22,1.69,1.70,1.68,1.70,91500,1.70
2015-10-23,1.70,1.71,1.64,1.675,318500,1.675
2015-10-26,1.67,1.67,1.55,1.60,389000,1.60
2015-10-27,1.61,1.695,1.61,1.67,320600,1.67
2015-10-28,1.68,1.68,1.61,1.62,206900,1.62
2015-10-29,1.65,1.665,1.64,1.64,71200,1.64
2015-10-30,1.645,1.675,1.615,1.65,112700,1.65
2015-11-02,1.64,1.65,1.61,1.615,145200,1.615
2015-11-03,1.62,1.62,1.43,1.46,424900,1.46
2015-11-04,1.41,1.58,1.265,1.55,895300,1.55
2015-11-05,1.54,1.55,1.48,1.55,191100,1.55
2015-11-06,1.55,1.575,1.53,1.545,124900,1.545
2015-11-09,1.535,1.65,1.535,1.65,325500,1.65
2015-11-10,1.66,1.69,1.65,1.65,206200,1.65
2015-11-11,1.64,1.64,1.567,1.585,134200,1.585
2015-11-12,1.565,1.62,1.565,1.595,103200,1.595
2015-11-13,1.59,1.65,1.54,1.64,176900,1.64
2015-11-16,1.63,1.67,1.615,1.67,103100,1.67
2015-11-17,1.65,1.687,1.65,1.68,239800,1.68
2015-11-18,1.70,2.25,1.70,2.10,2175500,2.10
2015-11-19,2.19,2.65,2.19,2.40,1768400,2.40
2015-11-20,2.42,2.63,2.30,2.35,847300,2.35
2015-11-23,2.36,2.53,2.33,2.44,375800,2.44
2015-11-24,2.43,2.66,2.35,2.66,495300,2.66
2015-11-25,3.20,3.67,3.07,3.49,3696500,3.49
2015-11-26,3.39,3.40,3.00,3.10,818100,3.10
2015-11-27,3.05,3.05,2.51,2.77,1467600,2.77
2015-11-30,2.70,3.05,2.70,3.05,385100,3.05
2015-12-01,3.07,3.32,3.02,3.15,3509700,3.15
2015-12-02,3.14,3.14,2.82,2.95,299900,2.95
2015-12-03,2.95,2.99,2.82,2.82,259500,2.82
2015-12-04,2.80,2.97,2.70,2.96,330500,2.96
2015-12-07,2.97,2.97,2.86,2.90,277200,2.90
2015-12-08,2.89,2.98,2.85,2.98,303400,2.98
2015-12-09,2.97,3.26,2.92,3.20,754900,3.20
2015-12-10,3.23,3.28,3.05,3.14,462300,3.14
2015-12-11,3.10,3.19,3.09,3.10,162000,3.10
2015-12-14,3.08,3.08,2.89,2.98,180300,2.98
2015-12-15,2.94,3.09,2.91,2.94,170700,2.94
2015-12-16,2.94,3.00,2.85,2.94,133000,2.94
2015-12-17,2.96,3.00,2.89,2.90,80100,2.90
2015-12-18,2.90,3.08,2.79,3.02,544400,3.02
2015-12-21,3.02,3.12,2.94,2.94,342400,2.94
2015-12-22,2.96,3.05,2.96,3.03,134900,3.03
2015-12-23,3.03,3.14,2.99,3.04,377700,3.04
2015-12-24,3.05,3.05,2.98,2.99,292300,2.99
2015-12-25,2.99,2.99,2.99,2.99,000,2.99
2015-12-28,2.99,2.99,2.99,2.99,000,2.99
2015-12-29,2.99,3.02,2.91,2.91,253800,2.91
2015-12-30,2.94,2.94,2.82,2.84,147000,2.84
2015-12-31,2.82,3.01,2.82,2.93,224800,2.93
2016-01-01,2.93,2.93,2.93,2.93,000,2.93
2016-01-04,2.98,3.05,2.92,3.05,288100,3.05
2016-01-05,3.00,3.01,2.95,2.99,111100,2.99
2016-01-06,2.99,3.01,2.95,2.96,79800,2.96
2016-01-07,2.95,2.99,2.84,2.84,213600,2.84
2016-01-08,2.83,2.99,2.78,2.99,424700,2.99
2016-01-11,3.00,3.02,2.94,2.99,176900,2.99
2016-01-12,3.00,3.02,2.84,2.88,191500,2.88
2016-01-13,2.98,3.00,2.82,2.84,227600,2.84
2016-01-14,2.82,2.88,2.63,2.69,669200,2.69
2016-01-15,2.73,2.79,2.26,2.44,605800,2.44
2016-01-18,2.35,2.39,2.21,2.36,690000,2.36
2016-01-19,2.34,2.585,2.34,2.52,388100,2.52
2016-01-20,2.54,2.605,2.48,2.48,205600,2.48
2016-01-21,2.49,2.49,2.32,2.39,304900,2.39
2016-01-22,2.39,2.41,2.34,2.36,119200,2.36
2016-01-25,2.36,2.36,2.25,2.32,286000,2.32
2016-01-26,2.32,2.32,2.32,2.32,000,2.32
2016-01-27,2.35,2.47,2.35,2.45,131000,2.45
2016-01-28,2.47,2.47,2.40,2.42,379000,2.42
2016-01-29,2.42,2.42,2.36,2.37,374900,2.37
2016-02-01,2.40,2.57,2.39,2.52,296900,2.52
2016-02-02,2.50,2.51,2.41,2.46,251400,2.46
2016-02-03,2.50,2.53,2.47,2.48,127400,2.48
2016-02-04,2.49,2.49,2.41,2.44,312900,2.44
2016-02-05,2.44,2.45,2.37,2.40,379800,2.40
2016-02-08,2.36,2.40,2.26,2.28,459400,2.28
2016-02-09,2.26,2.26,2.08,2.11,491700,2.11
2016-02-10,2.14,2.20,2.02,2.10,758200,2.10
2016-02-11,2.09,2.15,2.01,2.06,768200,2.06
2016-02-12,2.00,2.17,1.925,2.16,516300,2.16
2016-02-15,2.18,2.39,2.18,2.39,259800,2.39
2016-02-16,2.42,2.55,2.42,2.47,406200,2.47
2016-02-17,2.50,2.70,2.47,2.57,414500,2.57
2016-02-18,2.72,2.72,2.57,2.60,295700,2.60
2016-02-19,2.70,2.70,2.33,2.46,556600,2.46
2016-02-22,2.48,2.64,2.48,2.60,230200,2.60
2016-02-23,2.67,2.83,2.66,2.75,608900,2.75
2016-02-24,2.78,2.81,2.70,2.74,262900,2.74
2016-02-25,2.75,2.79,2.55,2.56,358300,2.56
2016-02-26,2.54,2.54,2.26,2.32,440100,2.32
2016-02-29,2.30,2.39,2.20,2.36,424300,2.36
2016-03-01,2.32,2.38,2.28,2.33,133800,2.33
2016-03-02,2.39,2.41,2.35,2.39,603700,2.39
2016-03-03,2.40,2.51,2.33,2.50,228700,2.50
2016-03-04,2.54,2.58,2.50,2.56,147900,2.56
2016-03-07,2.57,2.59,2.50,2.52,103300,2.52
2016-03-08,2.51,2.52,2.45,2.51,241900,2.51
2016-03-09,2.45,2.59,2.45,2.51,108100,2.51
2016-03-10,2.52,2.63,2.52,2.63,238400,2.63
2016-03-11,2.62,2.69,2.60,2.69,650400,2.69
2016-03-14,2.70,2.93,2.70,2.90,689600,2.90
2016-03-15,2.93,2.95,2.80,2.84,269400,2.84
2016-03-16,2.84,2.96,2.73,2.84,388300,2.84
2016-03-17,2.86,2.94,2.86,2.88,213900,2.88
2016-03-18,2.94,2.94,2.73,2.76,136300,2.76
2016-03-21,2.80,2.81,2.58,2.61,292000,2.61
2016-03-22,2.61,2.80,2.60,2.70,169400,2.70
2016-03-23,2.70,2.74,2.61,2.74,105700,2.74
2016-03-24,2.74,2.75,2.66,2.68,112800,2.68
2016-03-25,2.68,2.68,2.68,2.68,000,2.68
2016-03-28,2.68,2.68,2.68,2.68,000,2.68
2016-03-29,2.70,2.77,2.69,2.75,146500,2.75
2016-03-30,2.77,2.78,2.72,2.75,127800,2.75
2016-03-31,2.73,2.78,2.73,2.78,216200,2.78
2016-04-01,2.77,2.80,2.74,2.79,270800,2.79
2016-04-04,2.81,2.90,2.81,2.86,328900,2.86
2016-04-05,2.86,2.91,2.82,2.88,213300,2.88
2016-04-06,2.91,2.95,2.85,2.94,444300,2.94
2016-04-07,2.95,3.19,2.95,3.16,668900,3.16
2016-04-08,3.17,3.18,3.10,3.18,703800,3.18
2016-04-11,3.25,3.40,3.22,3.36,961000,3.36
2016-04-12,3.34,3.34,3.10,3.14,563600,3.14
2016-04-13,3.16,3.17,3.14,3.15,480300,3.15
2016-04-14,3.16,3.30,3.16,3.27,203800,3.27
2016-04-15,3.05,3.16,2.84,3.15,1107500,3.15


2016-04-18,3.15,3.27,3.09,3.23,605300,3.23
2016-04-19,3.24,3.25,3.17,3.25,216500,3.25
2016-04-20,3.25,3.25,3.25,3.25,000,3.25
2016-04-21,3.19,3.19,3.00,3.08,879300,3.08
2016-04-22,3.08,3.08,2.98,2.99,512000,2.99


2016-04-25,2.99,2.99,2.99,2.99,000,2.99
2016-04-26,2.97,3.03,2.90,2.92,1175200,2.92
2016-04-27,2.98,2.99,2.92,2.92,249300,2.92
2016-04-28,2.93,2.98,2.92,2.93,200100,2.93
2016-04-29,2.95,2.97,2.90,2.93,334100,2.93


2016-05-02,2.93,2.98,2.91,2.91,318500,2.91
2016-05-03,2.91,2.93,2.80,2.83,852300,2.83
2016-05-04,2.80,2.82,2.68,2.71,477000,2.71
2016-05-05,2.70,2.88,2.69,2.85,474000,2.85
2016-05-06,2.80,2.90,2.80,2.86,140800,2.86


2016-05-09,2.89,2.96,2.85,2.93,209200,2.93
2016-05-10,2.95,2.95,2.89,2.91,176400,2.91
2016-05-11,2.93,2.95,2.89,2.90,157600,2.90
2016-05-12,2.89,2.94,2.88,2.92,117200,2.92
2016-05-13,2.92,2.93,2.85,2.86,216200,2.86


2016-05-16,2.86,2.86,2.79,2.82,243600,2.82
2016-05-17,2.81,2.90,2.81,2.86,179000,2.86
2016-05-18,2.85,2.855,2.72,2.75,341400,2.75
2016-05-19,2.75,2.79,2.67,2.70,191400,2.70
2016-05-20,2.69,2.71,2.66,2.69,218800,2.69


2016-05-23,2.67,2.70,2.65,2.68,260700,2.68
2016-05-24,2.70,2.80,2.70,2.76,236300,2.76
2016-05-25,2.76,2.84,2.75,2.84,163400,2.84
2016-05-26,2.82,2.85,2.78,2.81,180000,2.81
2016-05-27,2.82,2.89,2.82,2.87,110600,2.87


2016-05-30,2.90,2.93,2.86,2.90,156300,2.90
2016-05-31,2.90,2.91,2.88,2.90,188900,2.90
2016-06-01,2.89,2.90,2.72,2.84,373200,2.84
2016-06-02,2.78,2.85,2.78,2.83,91400,2.83
2016-06-03,2.82,2.87,2.79,2.84,90700,2.84


2016-06-06,2.84,2.88,2.77,2.86,115700,2.86
2016-06-07,2.81,2.83,2.73,2.80,190900,2.80
2016-06-08,2.85,2.89,2.82,2.82,133600,2.82
2016-06-09,2.83,2.84,2.75,2.80,127600,2.80
2016-06-10,2.81,2.82,2.77,2.81,45100,2.81


2016-06-13,2.81,2.81,2.81,2.81,000,2.81
2016-06-14,2.80,2.80,2.64,2.65,181900,2.65
