Date,Open,High,Low,Close,Volume,Adj Close
2015-01-01,7.89,7.89,7.89,7.89,000,7.58376
2015-01-02,7.80,7.925,7.75,7.89,1327000,7.58376
2015-01-05,7.94,8.10,7.90,8.00,3370200,7.68949
2015-01-06,7.53,7.59,7.29,7.31,7930300,7.02627
2015-01-07,7.14,7.26,7.07,7.20,5128400,6.92054
2015-01-08,7.15,7.16,6.97,7.09,7903700,6.81481
2015-01-09,7.22,7.38,7.17,7.35,4176400,7.06472
2015-01-12,7.20,7.33,7.14,7.30,3764500,7.01666
2015-01-13,7.09,7.16,7.03,7.14,9208900,6.86287
2015-01-14,7.10,7.31,7.09,7.20,5326400,6.92054
2015-01-15,7.28,7.37,7.16,7.21,5404500,6.93015
2015-01-16,7.11,7.24,7.04,7.14,3625300,6.86287
2015-01-19,7.35,7.56,7.35,7.49,5354400,7.19928
2015-01-20,7.65,7.69,7.46,7.48,7219500,7.18967
2015-01-21,7.45,7.52,7.29,7.41,6879500,7.12239
2015-01-22,7.58,7.72,7.53,7.68,8399100,7.38191
2015-01-23,7.76,7.935,7.70,7.93,6832500,7.6222
2015-01-26,7.93,7.93,7.93,7.93,000,7.6222
2015-01-27,7.90,7.90,7.59,7.66,5579800,7.36268
2015-01-28,7.72,7.85,7.69,7.79,3573700,7.48764
2015-01-29,7.45,7.71,7.44,7.70,7673800,7.40113
2015-01-30,7.86,7.87,7.74,7.77,6455600,7.46841
2015-02-02,7.86,8.07,7.86,7.98,6115600,7.67026
2015-02-03,8.17,8.44,8.16,8.33,8191700,8.00668
2015-02-04,8.58,8.59,8.39,8.47,10028500,8.14124
2015-02-05,8.28,8.28,8.13,8.23,7266000,7.91056
2015-02-06,8.40,8.40,8.19,8.28,5898900,7.95862
2015-02-09,8.30,8.36,8.26,8.29,3024800,7.96823
2015-02-10,8.35,8.39,8.18,8.22,3801900,7.90095
2015-02-11,8.05,8.11,7.94,8.01,8043900,7.6991
2015-02-12,7.90,8.03,7.78,7.99,6385500,7.67987
2015-02-13,8.20,8.40,8.11,8.30,5388000,7.97784
2015-02-16,8.32,8.39,8.20,8.35,3093800,8.0259
2015-02-17,8.34,8.44,8.22,8.43,2723300,8.1028
2015-02-18,8.46,8.54,8.46,8.48,4241100,8.15086
2015-02-19,8.40,8.475,8.37,8.42,3620100,8.09318
2015-02-20,8.45,8.45,8.27,8.33,2832200,8.00668
2015-02-23,8.39,8.39,8.26,8.28,2190200,7.95862
2015-02-24,8.41,8.53,8.28,8.29,3338900,7.96823
2015-02-25,8.30,8.31,8.18,8.20,6516200,7.88172
2015-02-26,8.16,8.22,8.13,8.18,5836500,7.8625
2015-02-27,8.13,8.19,8.015,8.16,7918000,7.84328
2015-03-02,8.18,8.25,8.08,8.12,5564500,7.80483
2015-03-03,8.15,8.22,8.08,8.10,5011300,7.78561
2015-03-04,8.11,8.15,8.035,8.07,5495000,7.75677
2015-03-05,8.20,8.22,8.06,8.08,6831300,7.76638
2015-03-06,7.96,8.00,7.74,7.84,6961300,7.68545
2015-03-09,7.78,7.80,7.68,7.76,3492400,7.60703
2015-03-10,7.85,7.85,7.65,7.70,5084200,7.54821
2015-03-11,7.60,7.82,7.58,7.80,3828300,7.64624
2015-03-12,7.80,7.98,7.78,7.95,3592000,7.79328
2015-03-13,7.90,7.92,7.82,7.89,6959100,7.73446
2015-03-16,7.54,7.64,7.53,7.59,5588000,7.44038
2015-03-17,7.68,7.77,7.64,7.65,4619500,7.49919
2015-03-18,7.59,7.635,7.52,7.56,3969500,7.41097
2015-03-19,7.63,7.72,7.56,7.57,5217300,7.42077
2015-03-20,7.50,7.64,7.50,7.62,4132200,7.46978
2015-03-23,7.69,7.855,7.66,7.72,3186600,7.56781
2015-03-24,7.69,7.79,7.64,7.68,1680300,7.5286
2015-03-25,7.73,7.76,7.57,7.60,3707000,7.45018
2015-03-26,7.57,7.83,7.56,7.68,5762700,7.5286
2015-03-27,7.81,7.83,7.50,7.54,6974200,7.39136
2015-03-30,7.50,7.58,7.14,7.16,6099700,7.01885
2015-03-31,7.26,7.29,7.135,7.20,4948500,7.05806
2015-04-01,7.13,7.18,6.98,7.01,5763400,6.87181
2015-04-02,7.12,7.17,7.03,7.10,9960700,6.96004
2015-04-03,7.10,7.10,7.10,7.10,000,6.96004
2015-04-06,7.10,7.10,7.10,7.10,000,6.96004
2015-04-07,7.30,7.41,7.17,7.23,7410000,7.08747
2015-04-08,7.52,7.64,7.46,7.64,5762800,7.48939
2015-04-09,7.54,7.65,7.48,7.62,5537300,7.46978
2015-04-10,7.74,7.76,7.65,7.73,4556900,7.57762
2015-04-13,7.81,7.93,7.81,7.88,6664700,7.72466
2015-04-14,7.87,8.10,7.85,8.04,6137000,7.88151
2015-04-15,8.10,8.11,7.88,7.93,8952400,7.77367
2015-04-16,8.09,8.15,8.02,8.09,6897200,7.93052
2015-04-17,8.14,8.18,8.08,8.13,6904200,7.96973
2015-04-20,8.10,8.15,8.03,8.10,6039200,7.94032
2015-04-21,8.18,8.19,8.07,8.09,7059200,7.93052
2015-04-22,8.03,8.07,7.95,7.96,9487300,7.80308
2015-04-23,7.97,8.11,7.97,8.09,3951900,7.93052
2015-04-24,8.15,8.375,8.11,8.32,5176500,8.15599
2015-04-27,8.40,8.52,8.37,8.43,6037800,8.26382
2015-04-28,8.46,8.50,8.22,8.25,5923000,8.08737
2015-04-29,8.26,8.30,8.06,8.07,4669300,7.91091
2015-04-30,8.08,8.19,8.045,8.09,4587500,7.93052
2015-05-01,8.12,8.25,8.045,8.19,3621700,8.02855
2015-05-04,8.23,8.29,8.10,8.26,3360100,8.09717
2015-05-05,8.35,8.35,8.06,8.07,6057600,7.91091
2015-05-06,8.00,8.095,7.94,7.96,8712900,7.80308
2015-05-07,7.82,7.93,7.78,7.83,6370500,7.67564
2015-05-08,7.70,7.87,7.56,7.57,5116800,7.42077
2015-05-11,7.70,7.895,7.68,7.78,7897100,7.62663
2015-05-12,7.61,7.75,7.585,7.73,6168500,7.57762
2015-05-13,7.82,7.91,7.70,7.71,4352200,7.55801
2015-05-14,7.61,7.70,7.51,7.58,4267200,7.43057
2015-05-15,7.70,7.70,7.46,7.52,4023200,7.37176
2015-05-18,7.46,7.50,7.31,7.33,4445900,7.1855
2015-05-19,7.42,7.42,7.22,7.29,4870000,7.14629
2015-05-20,7.21,7.28,7.04,7.26,6297800,7.11688
2015-05-21,7.32,7.41,7.28,7.39,6249200,7.24432
2015-05-22,7.54,7.64,7.43,7.57,4863400,7.42077
2015-05-25,7.50,7.71,7.49,7.62,2771000,7.46978
2015-05-26,7.67,7.73,7.60,7.64,2037800,7.48939
2015-05-27,7.54,7.66,7.43,7.44,4327000,7.29333
2015-05-28,7.54,7.54,7.40,7.46,3086000,7.31294
2015-05-29,7.54,7.66,7.52,7.60,4394500,7.45018
2015-06-01,7.64,7.76,7.57,7.71,3666000,7.55801
2015-06-02,7.83,7.83,7.40,7.42,3644300,7.27373
2015-06-03,7.40,7.49,7.32,7.34,2956300,7.1953
2015-06-04,7.33,7.35,7.16,7.17,3021700,7.02866
2015-06-05,7.10,7.23,7.07,7.20,3001500,7.05806
2015-06-08,7.20,7.20,7.20,7.20,000,7.05806
2015-06-09,7.23,7.31,7.20,7.22,3536900,7.07767
2015-06-10,7.35,7.46,7.32,7.43,3651800,7.28353
2015-06-11,7.57,7.77,7.54,7.76,6071200,7.60703
2015-06-12,7.63,7.81,7.60,7.73,4141300,7.57762
2015-06-15,7.61,7.70,7.47,7.52,2551100,7.37176
2015-06-16,7.58,7.58,7.26,7.29,6281600,7.14629
2015-06-17,7.38,7.55,7.14,7.51,4885300,7.36195
2015-06-18,7.42,7.47,7.29,7.36,5337200,7.21491
2015-06-19,7.43,7.55,7.40,7.51,4875000,7.36195
2015-06-22,7.55,7.55,7.37,7.49,2109000,7.34235
2015-06-23,7.65,7.65,7.48,7.50,3794400,7.35215
2015-06-24,7.55,7.62,7.49,7.50,4578300,7.35215
2015-06-25,7.50,7.54,7.44,7.45,3769500,7.30314
2015-06-26,7.35,7.46,7.18,7.20,5861300,7.05806
2015-06-29,7.09,7.18,7.06,7.16,6249200,7.01885
2015-06-30,7.14,7.24,7.10,7.13,5598700,6.98944
2015-07-01,7.22,7.365,7.20,7.30,4758100,7.15609
2015-07-02,7.22,7.39,7.18,7.31,3815300,7.1659
2015-07-03,7.22,7.25,7.04,7.07,5233800,6.93063
2015-07-06,6.91,6.92,6.70,6.79,8966200,6.65615
2015-07-07,6.70,7.04,6.68,7.00,5722100,6.86201
2015-07-08,6.90,7.02,6.83,6.83,5759900,6.69536
2015-07-09,6.72,6.905,6.61,6.81,6137100,6.67575
2015-07-10,6.95,7.01,6.90,7.00,3869100,6.86201
2015-07-13,6.89,6.95,6.77,6.89,4698300,6.75418
2015-07-14,7.01,7.02,6.90,6.96,3664000,6.8228
2015-07-15,7.08,7.13,7.02,7.11,3987700,6.96984
2015-07-16,7.20,7.21,7.09,7.20,5205000,7.05806
2015-07-17,7.18,7.18,6.99,7.04,2392000,6.90122
2015-07-20,7.09,7.11,6.885,6.95,2592900,6.81299
2015-07-21,7.02,7.25,7.02,7.22,4944700,7.07767
2015-07-22,7.23,7.25,6.99,7.01,4923500,6.87181
2015-07-23,6.98,7.11,6.96,7.03,3548200,6.89142
2015-07-24,7.00,7.20,6.97,7.19,3613200,7.04826
2015-07-27,7.12,7.26,7.11,7.26,3001300,7.11688
2015-07-28,7.11,7.245,7.05,7.17,5389100,7.02866
2015-07-29,7.22,7.31,7.16,7.31,5009300,7.1659
2015-07-30,7.36,7.50,7.36,7.47,3527600,7.32274
2015-07-31,7.50,7.51,7.42,7.47,4231900,7.32274
2015-08-03,7.42,7.42,7.23,7.26,4144900,7.11688
2015-08-04,7.17,7.23,7.12,7.20,4986500,7.05806
2015-08-05,7.14,7.21,6.98,7.03,6139200,6.89142
2015-08-06,6.99,7.05,6.94,6.97,3433400,6.8326
2015-08-07,6.90,7.00,6.84,6.85,4803200,6.71496
2015-08-10,6.83,6.93,6.83,6.93,1801400,6.79339
2015-08-11,7.01,7.045,6.95,7.02,4222100,6.88161
2015-08-12,6.95,6.95,6.78,6.80,4956200,6.66595
2015-08-13,6.89,7.04,6.86,6.92,4030700,6.78358
2015-08-14,6.85,6.91,6.69,6.70,6103400,6.56792
2015-08-17,6.69,6.70,6.52,6.55,3591700,6.42088
2015-08-18,6.51,6.52,6.31,6.40,7569300,6.27384
2015-08-19,6.39,6.55,6.37,6.54,3938600,6.41108
2015-08-20,6.36,6.36,6.18,6.26,7402000,6.1366
2015-08-21,6.10,6.32,6.02,6.16,6472300,6.03857
2015-08-24,6.04,6.06,5.81,5.81,9135400,5.69547
2015-08-25,5.65,5.92,5.62,5.90,8914300,5.78369
2015-08-26,5.90,6.23,5.89,6.19,9167600,6.06797
2015-08-27,6.35,6.39,6.17,6.39,8398600,6.26403
2015-08-28,6.78,6.81,6.62,6.77,9265900,6.63654
2015-08-31,6.63,6.80,6.625,6.80,7250900,6.66595
2015-09-01,7.03,7.10,6.725,6.74,9830000,6.60713
2015-09-02,6.68,6.79,6.52,6.65,8443200,6.51891
2015-09-03,6.75,7.00,6.60,6.89,9878800,6.75418
2015-09-04,6.75,6.84,6.58,6.76,8197000,6.71079
2015-09-07,6.76,6.76,6.57,6.73,5841800,6.68101
2015-09-08,7.68,7.94,7.52,7.90,23880600,7.8425
2015-09-09,7.70,7.85,7.60,7.85,29469700,7.79286
2015-09-10,7.66,7.69,7.53,7.57,9977000,7.5149
2015-09-11,7.51,7.58,7.42,7.45,5702300,7.39577
2015-09-14,7.39,7.50,7.22,7.49,5192700,7.43548
2015-09-15,7.35,7.47,7.21,7.27,8498200,7.21708
2015-09-16,7.30,7.43,7.28,7.43,6240100,7.37592
2015-09-17,7.68,7.72,7.515,7.57,5229600,7.5149
2015-09-18,7.55,7.59,7.415,7.49,5748100,7.43548
2015-09-21,7.51,7.65,7.39,7.48,6217900,7.42555
2015-09-22,7.56,7.81,7.54,7.80,7112600,7.74322
2015-09-23,7.70,7.79,7.65,7.72,4644900,7.66381
2015-09-24,7.80,7.90,7.765,7.85,7780000,7.79286
2015-09-25,7.84,7.84,7.505,7.56,7122800,7.50497
2015-09-28,7.45,7.54,7.43,7.51,4404500,7.45533
2015-09-29,7.30,7.32,7.21,7.25,5451500,7.19723
2015-09-30,7.18,7.24,7.14,7.17,6374500,7.11781
2015-10-01,7.22,7.33,7.19,7.32,3651700,7.26672
2015-10-02,7.32,7.41,7.255,7.26,3764100,7.20715
2015-10-05,7.26,7.38,7.22,7.37,3437200,7.31635
2015-10-06,7.50,7.51,7.29,7.35,4303100,7.2965
2015-10-07,7.54,7.78,7.50,7.70,6614800,7.64395
2015-10-08,7.76,7.82,7.69,7.71,4989500,7.65388
2015-10-09,7.83,7.86,7.60,7.66,10928900,7.60424
2015-10-12,7.66,7.67,7.30,7.34,8296100,7.28657
2015-10-13,7.29,7.445,7.24,7.36,5223000,7.30643
2015-10-14,7.30,7.33,7.11,7.14,3920400,7.08803
2015-10-15,7.21,7.47,7.21,7.41,6696600,7.35606
2015-10-16,7.55,7.55,7.37,7.40,2703000,7.34614
2015-10-19,7.40,7.44,7.32,7.43,2865400,7.37592
2015-10-20,7.34,7.36,7.23,7.30,3633500,7.24686
2015-10-21,7.23,7.35,7.195,7.32,2727200,7.26672
2015-10-22,7.33,7.50,7.30,7.44,4048700,7.38584
2015-10-23,7.53,7.63,7.42,7.45,3826500,7.39577
2015-10-26,7.49,7.69,7.45,7.60,4329000,7.54468
2015-10-27,7.60,7.64,7.53,7.58,3247900,7.52482
2015-10-28,7.56,7.62,7.53,7.58,3030000,7.52482
2015-10-29,7.65,7.73,7.52,7.52,4335400,7.46526
2015-10-30,8.00,8.16,7.76,7.85,24174300,7.79286
2015-11-02,7.90,7.91,7.63,7.79,4904900,7.7333
2015-11-03,7.85,7.94,7.77,7.90,5505300,7.8425
2015-11-04,7.98,8.06,7.91,7.98,4000000,7.92191
2015-11-05,7.89,7.95,7.75,7.90,3870800,7.8425
2015-11-06,7.82,7.95,7.74,7.91,2673300,7.85242
2015-11-09,7.80,7.88,7.76,7.82,4392800,7.76308
2015-11-10,7.75,7.87,7.73,7.87,4595000,7.81271
2015-11-11,7.85,7.95,7.80,7.91,5875800,7.85242
2015-11-12,7.82,7.87,7.66,7.82,6943100,7.76308
2015-11-13,7.60,7.75,7.52,7.73,7159800,7.67373
2015-11-16,7.63,7.98,7.59,7.94,7647900,7.8822
2015-11-17,8.01,8.16,7.90,8.16,5887500,8.1006
2015-11-18,8.05,8.17,7.97,8.13,5383000,8.07082
2015-11-19,8.19,8.205,8.04,8.15,8991800,8.09068
2015-11-20,8.12,8.24,8.09,8.20,8561800,8.14031
2015-11-23,8.25,8.36,8.20,8.33,14186200,8.26937
2015-11-24,8.32,8.34,8.26,8.33,10862600,8.26937
2015-11-25,8.35,8.36,8.105,8.24,8298600,8.18002
2015-11-26,8.20,8.24,8.12,8.19,6840100,8.13038
2015-11-27,8.24,8.24,8.10,8.15,5894800,8.09068
2015-11-30,8.07,8.25,8.01,8.20,162309400,8.14031
2015-12-01,8.19,8.27,8.14,8.23,10696700,8.17009
2015-12-02,8.24,8.345,8.19,8.28,6062400,8.21973
2015-12-03,8.20,8.20,8.025,8.10,9394500,8.04104
2015-12-04,8.00,8.04,7.85,7.95,8388900,7.89213
2015-12-07,8.04,8.05,7.48,7.52,7924000,7.46526
2015-12-08,6.32,6.42,6.19,6.29,22561100,6.24421
2015-12-09,6.29,6.47,6.26,6.35,12783000,6.30378
2015-12-10,6.30,6.39,6.18,6.28,12239700,6.23429
2015-12-11,6.34,6.34,6.14,6.20,5448300,6.15487
2015-12-14,6.00,6.03,5.81,5.86,18997500,5.81734
2015-12-15,5.88,6.01,5.88,5.94,9398100,5.89676
2015-12-16,6.14,6.28,6.02,6.22,17867000,6.17472
2015-12-17,6.12,6.16,6.035,6.11,8365900,6.06553
2015-12-18,5.99,6.11,5.97,6.03,6065900,5.98611
2015-12-21,6.02,6.10,5.96,6.10,4144500,6.0556
2015-12-22,6.24,6.27,6.13,6.15,3349200,6.10523
2015-12-23,6.21,6.38,6.20,6.38,4383300,6.33356
2015-12-24,6.63,6.72,6.53,6.62,4103400,6.57181
2015-12-25,6.62,6.62,6.62,6.62,000,6.57181
2015-12-28,6.62,6.62,6.62,6.62,000,6.57181
2015-12-29,6.53,6.62,6.36,6.58,4625000,6.5321
2015-12-30,6.74,6.75,6.64,6.70,3213700,6.65123
2015-12-31,6.73,6.73,6.60,6.70,1995900,6.65123
2016-01-01,6.70,6.70,6.70,6.70,000,6.65123
2016-01-04,6.62,6.87,6.62,6.78,3258900,6.73065
2016-01-05,6.78,6.95,6.58,6.60,4843500,6.55196
2016-01-06,6.64,6.68,6.49,6.62,3756900,6.57181
2016-01-07,6.60,6.60,6.25,6.33,4046300,6.28392
2016-01-08,6.15,6.55,6.15,6.55,4387800,6.50232
2016-01-11,6.38,6.50,6.32,6.50,4575900,6.45269
2016-01-12,6.44,6.49,6.17,6.23,6739700,6.18465
2016-01-13,6.20,6.33,6.12,6.32,6954000,6.274
2016-01-14,6.05,6.27,6.04,6.24,5968300,6.19458
2016-01-15,6.40,6.59,6.28,6.33,5037200,6.28392
2016-01-18,6.09,6.17,5.97,6.01,8421400,5.96625
2016-01-19,5.98,6.02,5.75,5.76,7823800,5.71807
2016-01-20,5.75,5.83,5.67,5.67,8280300,5.62873
2016-01-21,5.56,5.82,5.56,5.64,10256500,5.59895
2016-01-22,5.82,6.20,5.81,6.12,10393400,6.07545
2016-01-25,6.37,6.37,6.08,6.28,4901700,6.23429
2016-01-26,6.28,6.28,6.28,6.28,000,6.23429
2016-01-27,6.28,6.32,5.88,5.99,9619100,5.9464
2016-01-28,6.06,6.16,5.95,6.10,6721000,6.0556
2016-01-29,6.35,6.51,6.27,6.50,9120800,6.45269
2016-02-01,6.74,6.79,6.47,6.55,6743100,6.50232
2016-02-02,6.45,6.485,6.35,6.37,4011300,6.32363
2016-02-03,6.20,6.335,6.10,6.30,7741900,6.25414
2016-02-04,6.60,6.78,6.48,6.75,6930200,6.70087
2016-02-05,6.78,6.95,6.68,6.95,6092800,6.89941
2016-02-08,6.84,6.93,6.68,6.90,6517300,6.84977
2016-02-09,6.72,6.825,6.66,6.74,10504200,6.69094
2016-02-10,6.49,6.63,6.38,6.58,8847300,6.5321
2016-02-11,6.48,6.64,6.48,6.54,4073200,6.4924
2016-02-12,6.40,6.66,6.40,6.66,5417700,6.61152
2016-02-15,6.80,7.02,6.68,6.93,8441200,6.87956
2016-02-16,6.98,7.33,6.94,7.33,8399100,7.27664
2016-02-17,7.18,7.235,6.99,7.05,7505200,6.99868
2016-02-18,7.28,7.42,7.22,7.38,5733800,7.32628
2016-02-19,7.44,7.44,7.04,7.13,9541000,7.0781
2016-02-22,7.00,7.27,6.99,7.25,3832400,7.19723
2016-02-23,7.50,7.53,6.94,7.03,7738100,6.97883
2016-02-24,6.80,6.83,6.64,6.66,8976200,6.61152
2016-02-25,6.79,6.81,6.66,6.69,5495100,6.6413
2016-02-26,6.67,6.70,6.54,6.64,5328800,6.59167
2016-02-29,6.60,6.74,6.55,6.68,6248000,6.63138
2016-03-01,6.72,6.86,6.70,6.80,5672500,6.7505
2016-03-02,6.95,7.015,6.94,6.99,9773900,6.93912
2016-03-03,7.14,7.29,7.12,7.22,8422800,7.16745
2016-03-04,7.05,7.29,7.04,7.27,5636400,7.21708
2016-03-07,7.48,7.60,7.36,7.40,6413900,7.34614
2016-03-08,7.61,7.69,7.42,7.42,7107200,7.42
2016-03-09,7.20,7.23,7.04,7.23,6979900,7.23
2016-03-10,7.26,7.47,7.26,7.33,6540000,7.33
2016-03-11,7.29,7.31,7.11,7.19,5540100,7.19
2016-03-14,7.25,7.29,7.125,7.20,4180000,7.20
2016-03-15,7.11,7.13,6.92,6.95,5834600,6.95
2016-03-16,6.83,6.935,6.80,6.88,6722700,6.88
2016-03-17,6.93,7.18,6.93,7.07,5835800,7.07
2016-03-18,7.20,7.24,6.96,6.99,5214900,6.99
2016-03-21,7.04,7.045,6.81,6.83,5277800,6.83
2016-03-22,6.98,7.00,6.76,6.80,6045300,6.80
2016-03-23,6.70,6.76,6.67,6.74,5066300,6.74
2016-03-24,6.60,6.78,6.60,6.73,5450400,6.73
2016-03-25,6.73,6.73,6.73,6.73,000,6.73
2016-03-28,6.73,6.73,6.73,6.73,000,6.73
2016-03-29,6.77,6.82,6.65,6.68,3313300,6.68
2016-03-30,6.75,6.79,6.66,6.72,4161600,6.72
2016-03-31,6.84,6.84,6.715,6.76,4942800,6.76
2016-04-01,6.70,6.75,6.47,6.52,4780300,6.52
2016-04-04,6.46,6.50,6.31,6.35,2983200,6.35
2016-04-05,6.30,6.33,5.98,6.05,9317900,6.05
2016-04-06,6.20,6.37,6.18,6.37,10658200,6.37
2016-04-07,6.51,6.61,6.36,6.43,6527000,6.43
2016-04-08,6.35,6.52,6.34,6.45,4278800,6.45
2016-04-11,6.58,6.645,6.53,6.60,5107200,6.60
2016-04-12,6.59,6.59,6.50,6.53,2887700,6.53
2016-04-13,6.67,6.69,6.58,6.64,8518400,6.64
2016-04-14,6.60,6.66,6.50,6.65,4814400,6.65
2016-04-15,6.60,6.61,6.49,6.50,3836100,6.50


2016-04-18,6.20,6.27,6.16,6.22,7188900,6.22
2016-04-19,6.50,6.60,6.47,6.53,6164000,6.53
2016-04-20,6.70,6.87,6.66,6.85,7995000,6.85
2016-04-21,6.98,7.02,6.84,6.90,11741800,6.90
2016-04-22,6.83,7.02,6.81,6.95,4196200,6.95


2016-04-25,6.95,6.95,6.95,6.95,000,6.95
2016-04-26,6.93,6.94,6.76,6.90,4658100,6.90
2016-04-27,7.00,7.00,6.86,6.91,5767800,6.91
2016-04-28,6.96,7.085,6.95,6.99,6607500,6.99
2016-04-29,7.05,7.09,6.99,7.03,2758300,7.03


2016-05-02,7.04,7.13,6.96,7.09,3903400,7.09
2016-05-03,7.05,7.11,6.90,7.07,3750800,7.07
2016-05-04,6.95,7.02,6.76,6.79,4785300,6.79
2016-05-05,6.73,6.87,6.69,6.75,3582400,6.75
2016-05-06,6.63,6.77,6.59,6.77,5206200,6.77


2016-05-09,6.86,6.92,6.795,6.85,4169000,6.85
2016-05-10,6.73,6.78,6.62,6.74,6587100,6.74
2016-05-11,6.87,6.94,6.71,6.74,3792000,6.74
2016-05-12,6.84,6.87,6.73,6.86,5103700,6.86
2016-05-13,6.89,6.89,6.63,6.75,4878200,6.75


2016-05-16,6.74,6.81,6.68,6.75,2217500,6.75
2016-05-17,6.86,7.03,6.82,6.96,4928300,6.96
2016-05-18,6.99,7.125,6.935,7.03,5207400,7.03
2016-05-19,7.08,7.08,6.80,6.91,4660300,6.91
2016-05-20,6.84,7.29,6.69,6.83,12795000,6.83


2016-05-23,6.77,6.785,6.49,6.61,13421300,6.61
2016-05-24,6.55,6.59,6.475,6.51,13180800,6.51
2016-05-25,6.55,6.73,6.49,6.70,11354400,6.70
2016-05-26,6.70,6.80,6.67,6.71,7663000,6.71
2016-05-27,6.62,6.88,6.62,6.83,8569400,6.83


2016-05-30,6.87,6.94,6.85,6.88,5121800,6.88
2016-05-31,6.82,6.84,6.69,6.79,7068600,6.79
2016-06-01,6.67,6.72,6.60,6.70,6781000,6.70
2016-06-02,6.70,6.76,6.59,6.68,5482100,6.68
2016-06-03,6.66,6.72,6.54,6.67,9002300,6.67


2016-06-06,6.60,6.695,6.57,6.65,7884400,6.65
2016-06-07,6.71,6.845,6.70,6.81,7099800,6.81
2016-06-08,6.81,6.99,6.81,6.98,8871500,6.98
2016-06-09,7.05,7.15,7.00,7.00,8135000,7.00
2016-06-10,6.80,6.92,6.78,6.88,4848000,6.88


2016-06-13,6.88,6.88,6.88,6.88,000,6.88
2016-06-14,6.64,6.74,6.60,6.73,6625000,6.73
