Date,Open,High,Low,Close,Volume,Adj Close
2015-01-01,0.98,0.98,0.98,0.98,000,0.98
2015-01-02,0.975,0.98,0.975,0.98,174300,0.98
2015-01-05,0.98,0.98,0.975,0.98,110200,0.98
2015-01-06,0.975,0.98,0.975,0.975,275200,0.975
2015-01-07,0.98,0.98,0.975,0.98,344100,0.98
2015-01-08,0.98,0.985,0.975,0.98,360800,0.98
2015-01-09,0.98,0.985,0.98,0.98,66500,0.98
2015-01-12,0.98,0.98,0.975,0.975,148000,0.975
2015-01-13,0.98,0.98,0.975,0.975,27500,0.975
2015-01-14,0.975,0.98,0.97,0.98,384100,0.98
2015-01-15,0.98,0.98,0.97,0.98,255400,0.98
2015-01-16,0.98,0.98,0.97,0.98,102100,0.98
2015-01-19,0.98,0.98,0.97,0.975,151500,0.975
2015-01-20,0.975,0.975,0.97,0.975,172200,0.975
2015-01-21,0.975,0.975,0.965,0.965,94400,0.965
2015-01-22,0.965,0.975,0.965,0.975,133400,0.975
2015-01-23,0.975,0.975,0.97,0.975,133300,0.975
2015-01-26,0.975,0.975,0.975,0.975,000,0.975
2015-01-27,0.97,0.975,0.965,0.965,414800,0.965
2015-01-28,0.965,0.98,0.965,0.98,205600,0.98
2015-01-29,0.97,0.975,0.965,0.965,259000,0.965
2015-01-30,0.977,0.977,0.977,0.977,000,0.977
2015-02-02,0.965,0.975,0.965,0.975,241100,0.975
2015-02-03,0.97,0.975,0.965,0.975,283200,0.975
2015-02-04,0.975,0.98,0.97,0.98,306400,0.98
2015-02-05,0.98,0.98,0.97,0.98,148400,0.98
2015-02-06,0.98,0.98,0.975,0.975,241400,0.975
2015-02-09,0.975,0.985,0.975,0.985,88700,0.985
2015-02-10,0.975,0.985,0.975,0.985,183800,0.985
2015-02-11,0.98,0.985,0.975,0.985,170300,0.985
2015-02-12,0.98,0.985,0.98,0.985,152800,0.985
2015-02-13,0.985,0.985,0.98,0.98,420400,0.98
2015-02-16,0.985,0.985,0.98,0.985,155900,0.985
2015-02-17,0.985,0.99,0.985,0.99,63400,0.99
2015-02-18,0.99,0.99,0.98,0.98,220100,0.98
2015-02-19,0.985,0.985,0.98,0.985,117500,0.985
2015-02-20,0.985,0.99,0.98,0.99,141100,0.99
2015-02-23,0.99,0.99,0.98,0.99,326200,0.99
2015-02-24,0.99,0.99,0.98,0.98,146000,0.98
2015-02-25,0.98,0.985,0.975,0.985,233700,0.985
2015-02-26,0.98,0.985,0.98,0.985,150500,0.985
2015-02-27,0.985,0.99,0.975,0.99,677300,0.99
2015-03-02,0.985,0.985,0.98,0.985,148900,0.985
2015-03-03,0.985,0.99,0.98,0.985,489500,0.985
2015-03-04,0.98,0.98,0.975,0.98,145100,0.98
2015-03-05,0.98,0.98,0.975,0.98,192800,0.98
2015-03-06,0.98,0.985,0.975,0.975,167100,0.975
2015-03-09,0.975,0.98,0.975,0.98,620500,0.98
2015-03-10,0.98,0.98,0.975,0.98,73500,0.98
2015-03-11,0.98,0.98,0.965,0.97,426000,0.97
2015-03-12,0.98,0.985,0.97,0.985,373200,0.985
2015-03-13,0.98,0.985,0.98,0.98,301700,0.98
2015-03-16,0.98,0.985,0.965,0.98,193500,0.98
2015-03-17,0.97,0.98,0.965,0.965,197900,0.965
2015-03-18,0.98,0.98,0.97,0.97,67500,0.97
2015-03-19,0.97,0.975,0.97,0.975,465000,0.975
2015-03-20,0.975,0.98,0.97,0.975,85900,0.975
2015-03-23,0.975,0.985,0.97,0.985,452900,0.985
2015-03-24,0.985,0.99,0.97,0.98,396300,0.98
2015-03-25,0.993,0.993,0.993,0.993,000,0.993
2015-03-26,0.993,0.993,0.993,0.993,000,0.993
2015-03-27,0.993,0.993,0.993,0.993,000,0.993
2015-03-30,0.993,0.993,0.993,0.993,000,0.993
2015-03-31,0.994,0.994,0.994,0.994,000,0.994
2015-04-01,0.993,0.993,0.993,0.993,000,0.993
2015-04-02,0.965,0.98,0.965,0.98,320300,0.98
2015-04-03,0.98,0.98,0.98,0.98,000,0.98
2015-04-06,0.98,0.98,0.98,0.98,000,0.98
2015-04-07,0.993,0.993,0.993,0.993,000,0.993
2015-04-08,0.993,0.993,0.993,0.993,000,0.993
2015-04-09,0.993,0.993,0.993,0.993,000,0.993
2015-04-10,0.96,0.975,0.96,0.965,361400,0.965
2015-04-13,0.993,0.993,0.993,0.993,000,0.993
2015-04-14,0.993,0.993,0.993,0.993,000,0.993
2015-04-15,0.993,0.993,0.993,0.993,000,0.993
2015-04-16,0.993,0.993,0.993,0.993,000,0.993
2015-04-17,0.993,0.993,0.993,0.993,000,0.993
2015-04-20,0.993,0.993,0.993,0.993,000,0.993
2015-04-21,0.975,0.975,0.97,0.97,326900,0.97
2015-04-22,0.993,0.993,0.993,0.993,000,0.993
2015-04-23,0.993,0.993,0.993,0.993,000,0.993
2015-04-24,0.993,0.993,0.993,0.993,000,0.993
2015-04-27,0.993,0.993,0.993,0.993,000,0.993
2015-04-28,0.993,0.993,0.993,0.993,000,0.993
2015-04-29,0.993,0.993,0.993,0.993,000,0.993
2015-04-30,1.00,1.00,1.00,1.00,000,1.00
2015-05-01,0.993,0.993,0.993,0.993,000,0.993
2015-05-04,0.993,0.993,0.993,0.993,000,0.993
2015-05-05,0.993,0.993,0.993,0.993,000,0.993
2015-05-06,0.993,0.993,0.993,0.993,000,0.993
2015-05-07,0.993,0.993,0.993,0.993,000,0.993
2015-05-08,0.993,0.993,0.993,0.993,000,0.993
2015-05-11,0.993,0.993,0.993,0.993,000,0.993
2015-05-12,0.993,0.993,0.993,0.993,000,0.993
2015-05-13,0.993,0.993,0.993,0.993,000,0.993
2015-05-14,0.993,0.993,0.993,0.993,000,0.993
2015-05-15,0.993,0.993,0.993,0.993,000,0.993
2015-05-18,0.993,0.993,0.993,0.993,000,0.993
2015-05-19,0.993,0.993,0.993,0.993,000,0.993
2015-05-20,0.993,0.993,0.993,0.993,000,0.993
2015-05-21,0.993,0.993,0.993,0.993,000,0.993
2015-05-22,0.993,0.993,0.993,0.993,000,0.993
2015-05-25,0.993,0.993,0.993,0.993,000,0.993
2015-05-26,0.993,0.993,0.993,0.993,000,0.993
2015-05-27,0.993,0.993,0.993,0.993,000,0.993
2015-05-28,0.993,0.993,0.993,0.993,000,0.993
2015-05-29,1.006,1.006,1.006,1.006,000,1.006
2015-06-01,0.993,0.993,0.993,0.993,000,0.993
2015-06-02,0.993,0.993,0.993,0.993,000,0.993
2015-06-03,0.993,0.993,0.993,0.993,000,0.993
2015-06-04,1.005,1.005,1.005,1.005,000,1.005
2015-06-05,0.965,0.975,0.965,0.97,243700,0.97
2015-06-09,0.993,0.993,0.993,0.993,000,0.993
2015-06-10,0.993,0.993,0.993,0.993,000,0.993
2015-06-11,0.993,0.993,0.993,0.993,000,0.993
2015-06-12,0.993,0.993,0.993,0.993,000,0.993
2015-06-15,0.993,0.993,0.993,0.993,000,0.993
2015-06-16,0.993,0.993,0.993,0.993,000,0.993
2015-06-17,0.993,0.993,0.993,0.993,000,0.993
2015-06-18,0.993,0.993,0.993,0.993,000,0.993
2015-06-19,0.993,0.993,0.993,0.993,000,0.993
2015-06-22,0.993,0.993,0.993,0.993,000,0.993
2015-06-23,0.993,0.993,0.993,0.993,000,0.993
2015-06-24,0.993,0.993,0.993,0.993,000,0.993
2015-06-25,0.993,0.993,0.993,0.993,000,0.993
2015-06-26,0.993,0.993,0.993,0.993,000,0.993
2015-06-29,0.993,0.993,0.993,0.993,000,0.993
2015-06-30,0.992,0.992,0.992,0.992,000,0.992
2015-07-01,0.993,0.993,0.993,0.993,000,0.993
2015-07-02,0.993,0.993,0.993,0.993,000,0.993
2015-07-03,0.993,0.993,0.993,0.993,000,0.993
2015-07-06,0.993,0.993,0.993,0.993,000,0.993
2015-07-07,0.993,0.993,0.993,0.993,000,0.993
2015-07-08,0.993,0.993,0.993,0.993,000,0.993
2015-07-09,0.993,0.993,0.993,0.993,000,0.993
2015-07-10,0.993,0.993,0.993,0.993,000,0.993
2015-07-13,0.993,0.993,0.993,0.993,000,0.993
2015-07-14,0.993,0.993,0.993,0.993,000,0.993
2015-07-15,0.993,0.993,0.993,0.993,000,0.993
2015-07-16,0.993,0.993,0.993,0.993,000,0.993
2015-07-17,0.993,0.993,0.993,0.993,000,0.993
2015-07-20,0.993,0.993,0.993,0.993,000,0.993
2015-07-21,0.993,0.993,0.993,0.993,000,0.993
2015-07-22,0.993,0.993,0.993,0.993,000,0.993
2015-07-23,0.993,0.993,0.993,0.993,000,0.993
2015-07-24,0.993,0.993,0.993,0.993,000,0.993
2015-07-27,0.993,0.993,0.993,0.993,000,0.993
2015-07-28,0.993,0.993,0.993,0.993,000,0.993
2015-07-29,0.993,0.993,0.993,0.993,000,0.993
2015-07-30,1.039,1.039,1.039,1.039,000,1.039
2015-07-31,1.035,1.035,1.035,1.035,000,1.035
2015-08-03,0.993,0.993,0.993,0.993,000,0.993
2015-08-04,0.993,0.993,0.993,0.993,000,0.993
2015-08-05,0.993,0.993,0.993,0.993,000,0.993
2015-08-06,0.993,0.993,0.993,0.993,000,0.993
2015-08-07,0.993,0.993,0.993,0.993,000,0.993
2015-08-10,0.993,0.993,0.993,0.993,000,0.993
2015-08-11,0.993,0.993,0.993,0.993,000,0.993
2015-08-12,0.993,0.993,0.993,0.993,000,0.993
2015-08-13,0.993,0.993,0.993,0.993,000,0.993
2015-08-14,0.993,0.993,0.993,0.993,000,0.993
2015-08-17,0.993,0.993,0.993,0.993,000,0.993
2015-08-18,0.993,0.993,0.993,0.993,000,0.993
2015-08-19,0.993,0.993,0.993,0.993,000,0.993
2015-08-20,0.993,0.993,0.993,0.993,000,0.993
2015-08-21,0.993,0.993,0.993,0.993,000,0.993
2015-08-24,0.993,0.993,0.993,0.993,000,0.993
2015-08-25,0.993,0.993,0.993,0.993,000,0.993
2015-08-26,0.993,0.993,0.993,0.993,000,0.993
2015-08-27,0.993,0.993,0.993,0.993,000,0.993
2015-08-28,1.009,1.009,1.009,1.009,000,1.009
2015-08-31,1.011,1.011,1.011,1.011,000,1.011
2015-09-01,0.993,0.993,0.993,0.993,000,0.993
2015-09-02,0.993,0.993,0.993,0.993,000,0.993
2015-09-03,0.993,0.993,0.993,0.993,000,0.993
2015-09-04,0.993,0.993,0.993,0.993,000,0.993
2015-09-07,0.993,0.993,0.993,0.993,000,0.993
2015-09-08,0.993,0.993,0.993,0.993,000,0.993
2015-09-09,0.993,0.993,0.993,0.993,000,0.993
2015-09-10,0.993,0.993,0.993,0.993,000,0.993
2015-09-11,0.993,0.993,0.993,0.993,000,0.993
2015-09-14,0.993,0.993,0.993,0.993,000,0.993
2015-09-15,0.993,0.993,0.993,0.993,000,0.993
2015-09-16,0.993,0.993,0.993,0.993,000,0.993
2015-09-17,0.993,0.993,0.993,0.993,000,0.993
2015-09-18,0.993,0.993,0.993,0.993,000,0.993
2015-09-21,0.993,0.993,0.993,0.993,000,0.993
2015-09-22,0.993,0.993,0.993,0.993,000,0.993
2015-09-23,0.993,0.993,0.993,0.993,000,0.993
2015-09-24,0.993,0.993,0.993,0.993,000,0.993
2015-09-25,0.993,0.993,0.993,0.993,000,0.993
2015-09-28,0.993,0.993,0.993,0.993,000,0.993
2015-09-29,0.993,0.993,0.993,0.993,000,0.993
2015-09-30,0.9973,0.9973,0.9973,0.9973,000,0.9973
2015-10-01,0.993,0.993,0.993,0.993,000,0.993
2015-10-02,0.993,0.993,0.993,0.993,000,0.993
2015-10-05,0.993,0.993,0.993,0.993,000,0.993
2015-10-06,0.993,0.993,0.993,0.993,000,0.993
2015-10-07,0.993,0.993,0.993,0.993,000,0.993
2015-10-08,0.993,0.993,0.993,0.993,000,0.993
2015-10-09,0.993,0.993,0.993,0.993,000,0.993
2015-10-12,0.993,0.993,0.993,0.993,000,0.993
2015-10-13,0.993,0.993,0.993,0.993,000,0.993
2015-10-14,0.975,0.985,0.97,0.985,73300,0.985
2015-10-15,0.993,0.993,0.993,0.993,000,0.993
2015-10-16,0.993,0.993,0.993,0.993,000,0.993
2015-10-19,0.993,0.993,0.993,0.993,000,0.993
2015-10-20,0.993,0.993,0.993,0.993,000,0.993
2015-10-21,0.993,0.993,0.993,0.993,000,0.993
2015-10-22,0.993,0.993,0.993,0.993,000,0.993
2015-10-23,0.993,0.993,0.993,0.993,000,0.993
2015-10-26,0.993,0.993,0.993,0.993,000,0.993
2015-10-27,0.993,0.993,0.993,0.993,000,0.993
2015-10-28,0.993,0.993,0.993,0.993,000,0.993
2015-10-29,1.048,1.048,1.048,1.048,000,1.048
2015-10-30,1.046,1.046,1.046,1.046,000,1.046
2015-11-02,0.993,0.993,0.993,0.993,000,0.993
2015-11-03,0.993,0.993,0.993,0.993,000,0.993
2015-11-04,0.993,0.993,0.993,0.993,000,0.993
2015-11-05,0.993,0.993,0.993,0.993,000,0.993
2015-11-06,0.993,0.993,0.993,0.993,000,0.993
2015-11-09,0.993,0.993,0.993,0.993,000,0.993
2015-11-10,0.993,0.993,0.993,0.993,000,0.993
2015-11-11,0.993,0.993,0.993,0.993,000,0.993
2015-11-12,0.993,0.993,0.993,0.993,000,0.993
2015-11-13,0.993,0.993,0.993,0.993,000,0.993
2015-11-16,0.993,0.993,0.993,0.993,000,0.993
2015-11-17,0.993,0.993,0.993,0.993,000,0.993
2015-11-18,0.993,0.993,0.993,0.993,000,0.993
2015-11-19,0.98,0.99,0.98,0.99,126200,0.99
2015-11-20,0.993,0.993,0.993,0.993,000,0.993
2015-11-23,0.993,0.993,0.993,0.993,000,0.993
2015-11-24,0.993,0.993,0.993,0.993,000,0.993
2015-11-25,0.993,0.993,0.993,0.993,000,0.993
2015-11-26,0.993,0.993,0.993,0.993,000,0.993
2015-11-27,0.99,0.99,0.98,0.99,157600,0.99
2015-11-30,0.985,0.99,0.98,0.99,151300,0.99
2015-12-01,0.985,0.995,0.985,0.99,257200,0.99
2015-12-02,0.99,0.99,0.98,0.98,184500,0.98
2015-12-03,0.98,0.99,0.98,0.98,35100,0.98
2015-12-04,0.98,0.99,0.98,0.99,312900,0.99
2015-12-07,0.993,0.993,0.993,0.993,000,0.993
2015-12-08,0.975,0.98,0.965,0.965,272200,0.965
2015-12-09,0.993,0.993,0.993,0.993,000,0.993
2015-12-10,0.993,0.993,0.993,0.993,000,0.993
2015-12-11,0.955,0.955,0.95,0.95,156700,0.95
2015-12-14,0.95,0.965,0.945,0.96,370200,0.96
2015-12-15,0.965,0.965,0.955,0.96,254100,0.96
2015-12-16,0.993,0.993,0.993,0.993,000,0.993
2015-12-17,0.993,0.993,0.993,0.993,000,0.993
2015-12-18,0.993,0.993,0.993,0.993,000,0.993
2015-12-21,0.993,0.993,0.993,0.993,000,0.993
2015-12-22,0.993,0.993,0.993,0.993,000,0.993
2015-12-23,0.993,0.993,0.993,0.993,000,0.993
2015-12-24,0.97,0.97,0.96,0.96,76500,0.96
2015-12-29,0.993,0.993,0.993,0.993,000,0.993
2015-12-30,0.975,0.98,0.965,0.965,40100,0.965
2015-12-31,1.053,1.053,1.053,1.053,000,1.053
2016-01-01,0.993,0.993,0.993,0.993,000,0.993
2016-01-04,0.993,0.993,0.993,0.993,000,0.993
2016-01-05,0.993,0.993,0.993,0.993,000,0.993
2016-01-06,0.993,0.993,0.993,0.993,000,0.993
2016-01-07,0.993,0.993,0.993,0.993,000,0.993
2016-01-08,0.993,0.993,0.993,0.993,000,0.993
2016-01-11,0.993,0.993,0.993,0.993,000,0.993
2016-01-12,0.993,0.993,0.993,0.993,000,0.993
2016-01-13,0.993,0.993,0.993,0.993,000,0.993
2016-01-14,0.95,0.955,0.95,0.95,57200,0.95
2016-01-15,0.95,0.96,0.95,0.96,70500,0.96
2016-01-18,0.95,0.955,0.945,0.95,127600,0.95
2016-01-19,0.945,0.95,0.92,0.93,521500,0.93
2016-01-20,0.94,0.96,0.935,0.935,118500,0.935
2016-01-21,0.945,0.96,0.93,0.96,143500,0.96
2016-01-22,0.95,0.96,0.94,0.95,93300,0.95
2016-01-25,0.955,0.96,0.94,0.96,95200,0.96
2016-01-26,0.993,0.993,0.993,0.993,000,0.993
2016-01-27,0.96,0.965,0.95,0.95,160000,0.95
2016-01-28,0.945,0.965,0.94,0.965,247400,0.965
2016-01-29,0.955,0.965,0.95,0.95,240600,0.95
2016-02-01,0.96,0.96,0.95,0.96,79400,0.96
2016-02-02,0.955,0.955,0.94,0.945,139000,0.945
2016-02-03,0.95,0.95,0.94,0.945,167600,0.945
2016-02-04,0.945,0.95,0.945,0.95,112900,0.95
2016-02-05,0.95,0.955,0.94,0.95,89900,0.95
2016-02-08,1.002,1.002,1.002,1.002,000,1.002
2016-02-09,0.94,0.95,0.94,0.945,291700,0.945
2016-02-10,0.945,0.945,0.925,0.93,243700,0.93
2016-02-11,0.935,0.94,0.93,0.94,148000,0.94
2016-02-12,0.93,0.935,0.925,0.935,120300,0.935
2016-02-15,1.002,1.002,1.002,1.002,000,1.002
2016-02-16,0.93,0.935,0.93,0.93,44200,0.93
2016-02-17,1.002,1.002,1.002,1.002,000,1.002
2016-02-18,0.935,0.95,0.935,0.95,168000,0.95
2016-02-19,0.94,0.945,0.93,0.94,204800,0.94
2016-02-22,0.95,0.95,0.935,0.94,163400,0.94
2016-02-23,0.945,0.945,0.935,0.935,151200,0.935
2016-02-24,0.94,0.94,0.92,0.93,277100,0.93
2016-02-25,0.935,0.935,0.92,0.93,48700,0.93
2016-02-26,0.925,0.93,0.925,0.93,43900,0.93
2016-02-29,0.93,0.93,0.925,0.925,71300,0.925
2016-03-01,0.925,0.935,0.925,0.925,78800,0.925
2016-03-02,0.93,0.94,0.93,0.935,108300,0.935
2016-03-03,0.925,0.935,0.925,0.935,265700,0.935
2016-03-04,0.94,0.945,0.93,0.935,138400,0.935
2016-03-07,1.002,1.002,1.002,1.002,000,1.002
2016-03-08,0.94,0.95,0.94,0.94,46200,0.94
2016-03-09,1.002,1.002,1.002,1.002,000,1.002
2016-03-10,0.94,0.94,0.935,0.935,64600,0.935
2016-03-11,0.94,0.94,0.935,0.935,117800,0.935
2016-03-14,0.94,0.94,0.935,0.935,62400,0.935
2016-03-15,0.94,0.94,0.935,0.94,129100,0.94
2016-03-16,0.94,0.945,0.93,0.94,189500,0.94
2016-03-17,0.94,0.945,0.935,0.935,63400,0.935
2016-03-18,0.94,0.945,0.935,0.94,78600,0.94
2016-03-21,0.935,0.945,0.93,0.945,62000,0.945
2016-03-22,1.002,1.002,1.002,1.002,000,1.002
2016-03-23,1.002,1.002,1.002,1.002,000,1.002
2016-03-24,0.935,0.94,0.93,0.94,92400,0.94
2016-03-25,1.002,1.002,1.002,1.002,000,1.002
2016-03-28,1.002,1.002,1.002,1.002,000,1.002
2016-03-29,0.935,0.94,0.93,0.94,67500,0.94
2016-03-30,0.93,0.94,0.925,0.93,151900,0.93
2016-03-31,0.93,0.935,0.92,0.925,325800,0.925
2016-04-01,0.93,0.935,0.92,0.935,77100,0.935
2016-04-04,0.935,0.94,0.935,0.935,57300,0.935
2016-04-05,1.001,1.001,1.001,1.001,000,1.001
2016-04-06,0.925,0.93,0.925,0.925,67200,0.925
2016-04-07,0.93,0.94,0.93,0.94,94000,0.94
2016-04-08,0.925,0.93,0.92,0.92,184300,0.92
2016-04-11,0.92,0.93,0.915,0.915,84000,0.915
















