Date,Open,High,Low,Close,Volume,Adj Close
2015-01-01,0.94,0.94,0.94,0.94,000,0.88779
2015-01-02,0.95,0.95,0.945,0.95,12700,0.89724
2015-01-05,0.95,0.96,0.945,0.955,41900,0.90196
2015-01-06,0.955,0.955,0.95,0.955,36900,0.90196
2015-01-07,0.95,0.97,0.95,0.96,245200,0.90668
2015-01-08,0.955,0.97,0.955,0.97,196100,0.91613
2015-01-09,0.965,0.99,0.962,0.99,154800,0.93502
2015-01-12,0.99,0.99,0.97,0.985,22600,0.9303
2015-01-13,0.97,0.975,0.965,0.965,153100,0.91141
2015-01-14,0.99,0.99,0.96,0.96,603700,0.90668
2015-01-15,0.962,0.965,0.96,0.96,140500,0.90668
2015-01-16,0.96,0.96,0.945,0.96,175900,0.90668
2015-01-19,0.96,0.97,0.96,0.97,19400,0.91613
2015-01-20,0.967,0.97,0.96,0.965,75300,0.91141
2015-01-21,0.97,0.97,0.95,0.965,139500,0.91141
2015-01-22,0.97,0.97,0.955,0.965,117400,0.91141
2015-01-23,0.96,0.965,0.95,0.95,114900,0.89724
2015-01-26,0.95,0.95,0.95,0.95,000,0.89724
2015-01-27,0.945,0.965,0.945,0.965,27200,0.91141
2015-01-28,0.955,0.965,0.95,0.96,54200,0.90668
2015-01-29,0.957,0.957,0.925,0.95,208700,0.89724
2015-01-30,0.955,0.96,0.91,0.91,487700,0.85946
2015-02-02,0.92,0.95,0.92,0.95,565900,0.89724
2015-02-03,0.96,0.965,0.95,0.965,104700,0.91141
2015-02-04,0.97,0.99,0.965,0.98,342100,0.92557
2015-02-05,0.98,1.01,0.975,1.00,392800,0.94446
2015-02-06,1.00,1.03,1.00,1.02,266600,0.96335
2015-02-09,1.035,1.037,1.027,1.035,198200,0.97752
2015-02-10,1.03,1.045,1.03,1.035,268100,0.97752
2015-02-11,1.035,1.05,1.03,1.05,99700,0.99169
2015-02-12,1.05,1.07,1.035,1.065,243100,1.00585
2015-02-13,1.07,1.08,1.07,1.075,321800,1.0153
2015-02-16,1.075,1.14,1.075,1.14,441700,1.07669
2015-02-17,1.15,1.15,1.092,1.12,594100,1.0578
2015-02-18,1.12,1.13,1.08,1.092,212100,1.03135
2015-02-19,1.10,1.11,1.03,1.03,340100,0.9728
2015-02-20,1.04,1.085,1.035,1.08,326600,1.02002
2015-02-23,1.08,1.085,1.072,1.075,787400,1.0153
2015-02-24,1.075,1.075,1.05,1.05,172800,0.99169
2015-02-25,1.06,1.06,1.04,1.045,116400,0.98696
2015-02-26,1.04,1.04,0.985,1.00,388400,0.94446
2015-02-27,1.00,1.045,0.995,1.04,215900,0.98224
2015-03-02,1.04,1.04,1.01,1.01,45800,0.95391
2015-03-03,1.03,1.04,1.02,1.03,198800,0.9728
2015-03-04,1.03,1.05,1.03,1.05,151900,0.99169
2015-03-05,1.05,1.06,1.04,1.055,117100,0.99641
2015-03-06,1.05,1.055,1.035,1.04,265900,0.98224
2015-03-09,1.04,1.055,1.02,1.055,222000,0.99641
2015-03-10,1.055,1.055,1.02,1.02,101400,0.96335
2015-03-11,1.035,1.06,1.02,1.06,206400,1.00113
2015-03-12,1.06,1.09,1.055,1.065,202800,1.00585
2015-03-13,1.065,1.07,1.035,1.04,148300,0.98224
2015-03-16,1.08,1.08,1.032,1.04,507500,0.98224
2015-03-17,1.035,1.045,1.03,1.04,141300,0.98224
2015-03-18,1.04,1.045,1.03,1.04,577900,0.98224
2015-03-19,1.04,1.065,1.035,1.065,1070400,1.00585
2015-03-20,1.05,1.075,1.05,1.075,160900,1.0153
2015-03-23,1.08,1.10,1.065,1.10,297700,1.03891
2015-03-24,1.10,1.10,1.087,1.09,343900,1.02946
2015-03-25,1.085,1.11,1.08,1.10,1237300,1.03891
2015-03-26,1.095,1.095,1.08,1.085,679200,1.02474
2015-03-27,1.085,1.12,1.08,1.12,417000,1.0578
2015-03-30,1.12,1.12,1.092,1.11,453700,1.04835
2015-03-31,1.11,1.12,1.06,1.07,413200,1.01058
2015-04-01,1.06,1.11,1.06,1.11,857300,1.04835
2015-04-02,1.11,1.11,1.09,1.10,177000,1.03891
2015-04-03,1.10,1.10,1.10,1.10,000,1.03891
2015-04-06,1.10,1.10,1.10,1.10,000,1.03891
2015-04-07,1.11,1.12,1.09,1.12,245600,1.0578
2015-04-08,1.11,1.16,1.105,1.145,490400,1.08141
2015-04-09,1.145,1.18,1.14,1.14,412100,1.07669
2015-04-10,1.17,1.172,1.145,1.17,457600,1.10502
2015-04-13,1.18,1.18,1.155,1.17,83300,1.10502
2015-04-14,1.175,1.175,1.15,1.15,116200,1.08613
2015-04-15,1.16,1.19,1.15,1.19,193100,1.12391
2015-04-16,1.19,1.19,1.18,1.19,251900,1.12391
2015-04-17,1.19,1.19,1.175,1.19,318600,1.12391
2015-04-20,1.185,1.195,1.185,1.19,487000,1.12391
2015-04-21,1.19,1.19,1.11,1.15,187200,1.10605
2015-04-22,1.155,1.155,1.115,1.135,147700,1.09162
2015-04-23,1.11,1.12,1.08,1.105,220400,1.06277
2015-04-24,1.12,1.122,1.09,1.115,347000,1.07239
2015-04-27,1.12,1.12,1.09,1.09,231600,1.04834
2015-04-28,1.10,1.105,1.08,1.105,541900,1.06277
2015-04-29,1.08,1.142,1.08,1.14,341700,1.09643
2015-04-30,1.14,1.14,1.105,1.13,767800,1.08681
2015-05-01,1.12,1.155,1.12,1.155,416300,1.11086
2015-05-04,1.14,1.155,1.125,1.125,90500,1.082
2015-05-05,1.14,1.155,1.135,1.15,127700,1.10605
2015-05-06,1.16,1.16,1.14,1.155,345400,1.11086
2015-05-07,1.155,1.155,1.14,1.15,132100,1.10605
2015-05-08,1.15,1.15,1.11,1.11,181100,1.06758
2015-05-11,1.14,1.145,1.11,1.12,174200,1.0772
2015-05-12,1.14,1.15,1.117,1.12,193800,1.0772
2015-05-13,1.12,1.13,1.11,1.12,444200,1.0772
2015-05-14,1.12,1.145,1.115,1.135,126900,1.09162
2015-05-15,1.135,1.135,1.105,1.12,143300,1.0772
2015-05-18,1.12,1.135,1.12,1.12,202800,1.0772
2015-05-19,1.12,1.12,1.10,1.12,99000,1.0772
2015-05-20,1.12,1.13,1.117,1.125,144500,1.082
2015-05-21,1.13,1.13,1.105,1.12,82200,1.0772
2015-05-22,1.125,1.13,1.115,1.13,167700,1.08681
2015-05-25,1.13,1.16,1.13,1.14,321400,1.09643
2015-05-26,1.16,1.195,1.16,1.17,507200,1.12528
2015-05-27,1.165,1.195,1.165,1.195,232900,1.14933
2015-05-28,1.19,1.19,1.185,1.185,78000,1.13971
2015-05-29,1.185,1.2075,1.185,1.19,168200,1.14452
2015-06-01,1.19,1.215,1.17,1.19,614900,1.14452
2015-06-02,1.19,1.195,1.17,1.18,549700,1.1349
2015-06-03,1.18,1.19,1.14,1.18,267000,1.1349
2015-06-04,1.19,1.19,1.16,1.165,264000,1.12048
2015-06-05,1.17,1.175,1.13,1.16,190900,1.11567
2015-06-08,1.16,1.16,1.16,1.16,000,1.11567
2015-06-09,1.14,1.155,1.14,1.15,146800,1.10605
2015-06-10,1.155,1.175,1.14,1.165,130800,1.12048
2015-06-11,1.185,1.24,1.18,1.24,1911300,1.19261
2015-06-12,1.24,1.25,1.21,1.22,277600,1.17337
2015-06-15,1.21,1.22,1.205,1.21,61600,1.16376
2015-06-16,1.20,1.205,1.185,1.185,148300,1.13971
2015-06-17,1.18,1.185,1.145,1.16,358200,1.11567
2015-06-18,1.175,1.215,1.17,1.21,205000,1.16376
2015-06-19,1.205,1.235,1.17,1.235,250700,1.1878
2015-06-22,1.23,1.235,1.195,1.195,68000,1.14933
2015-06-23,1.23,1.24,1.20,1.20,111300,1.15414
2015-06-24,1.23,1.23,1.185,1.20,172400,1.15414
2015-06-25,1.22,1.22,1.20,1.215,90400,1.16857
2015-06-26,1.215,1.24,1.192,1.24,289300,1.19261
2015-06-29,1.24,1.24,1.202,1.24,146700,1.19261
2015-06-30,1.22,1.25,1.22,1.25,544200,1.20223
2015-07-01,1.23,1.32,1.225,1.27,3729000,1.22146
2015-07-02,1.31,1.31,1.28,1.29,481700,1.2407
2015-07-03,1.27,1.285,1.26,1.26,94300,1.21185
2015-07-06,1.25,1.275,1.24,1.275,160000,1.22627
2015-07-07,1.28,1.285,1.245,1.25,70000,1.20223
2015-07-08,1.245,1.2725,1.245,1.265,86900,1.21665
2015-07-09,1.245,1.265,1.245,1.255,248800,1.20704
2015-07-10,1.245,1.29,1.245,1.29,90300,1.2407
2015-07-13,1.30,1.30,1.28,1.30,161300,1.25032
2015-07-14,1.30,1.31,1.28,1.295,6994200,1.24551
2015-07-15,1.315,1.35,1.295,1.35,392700,1.29841
2015-07-16,1.34,1.35,1.32,1.33,168600,1.27917
2015-07-17,1.345,1.35,1.27,1.27,425700,1.22146
2015-07-20,1.29,1.30,1.275,1.29,400300,1.2407
2015-07-21,1.305,1.305,1.26,1.265,153100,1.21665
2015-07-22,1.275,1.32,1.26,1.32,485400,1.26955
2015-07-23,1.325,1.33,1.315,1.33,186000,1.27917
2015-07-24,1.33,1.3475,1.32,1.33,140600,1.27917
2015-07-27,1.35,1.37,1.345,1.36,377200,1.30802
2015-07-28,1.365,1.365,1.33,1.33,126800,1.27917
2015-07-29,1.345,1.355,1.315,1.355,79100,1.30321
2015-07-30,1.36,1.38,1.35,1.37,301000,1.31764
2015-07-31,1.365,1.38,1.35,1.35,396800,1.29841
2015-08-03,1.38,1.395,1.33,1.355,840000,1.30321
2015-08-04,1.335,1.345,1.32,1.34,182200,1.28879
2015-08-05,1.335,1.36,1.325,1.36,516700,1.30802
2015-08-06,1.38,1.38,1.335,1.345,79400,1.2936
2015-08-07,1.34,1.34,1.295,1.31,582400,1.25993
2015-08-10,1.30,1.345,1.295,1.31,682300,1.25993
2015-08-11,1.33,1.33,1.285,1.295,162400,1.24551
2015-08-12,1.28,1.29,1.21,1.245,330200,1.19742
2015-08-13,1.25,1.275,1.25,1.265,120900,1.21665
2015-08-14,1.265,1.275,1.25,1.265,102300,1.21665
2015-08-17,1.265,1.28,1.265,1.265,59100,1.21665
2015-08-18,1.285,1.285,1.245,1.245,111100,1.19742
2015-08-19,1.245,1.29,1.245,1.29,162200,1.2407
2015-08-20,1.29,1.29,1.23,1.25,337500,1.20223
2015-08-21,1.235,1.26,1.21,1.25,559900,1.20223
2015-08-24,1.215,1.24,1.215,1.225,267600,1.17818
2015-08-25,1.22,1.235,1.21,1.22,303300,1.17337
2015-08-26,1.225,1.225,1.21,1.225,149300,1.17818
2015-08-27,1.22,1.23,1.205,1.205,324700,1.15895
2015-08-28,1.16,1.225,1.155,1.225,292900,1.17818
2015-08-31,1.18,1.25,1.18,1.25,186400,1.20223
2015-09-01,1.21,1.245,1.18,1.205,197200,1.15895
2015-09-02,1.18,1.25,1.18,1.25,204800,1.20223
2015-09-03,1.21,1.22,1.20,1.20,277600,1.15414
2015-09-04,1.20,1.22,1.20,1.22,133200,1.17337
2015-09-07,1.215,1.215,1.20,1.215,56600,1.16857
2015-09-08,1.21,1.22,1.195,1.22,388000,1.17337
2015-09-09,1.22,1.25,1.22,1.25,112200,1.20223
2015-09-10,1.25,1.30,1.245,1.29,186100,1.2407
2015-09-11,1.295,1.32,1.287,1.31,172100,1.25993
2015-09-14,1.32,1.33,1.31,1.31,651200,1.25993
2015-09-15,1.31,1.32,1.29,1.29,282400,1.2407
2015-09-16,1.31,1.32,1.28,1.32,128300,1.26955
2015-09-17,1.30,1.32,1.27,1.27,86200,1.22146
2015-09-18,1.27,1.32,1.27,1.32,102800,1.26955
2015-09-21,1.31,1.33,1.295,1.31,70600,1.25993
2015-09-22,1.28,1.31,1.28,1.31,16000,1.25993
2015-09-23,1.31,1.31,1.275,1.305,37100,1.25513
2015-09-24,1.27,1.305,1.25,1.28,75300,1.23108
2015-09-25,1.28,1.31,1.27,1.31,61500,1.25993
2015-09-28,1.305,1.32,1.30,1.305,101600,1.25513
2015-09-29,1.29,1.32,1.275,1.32,216900,1.26955
2015-09-30,1.28,1.31,1.28,1.295,132500,1.24551
2015-10-01,1.30,1.315,1.30,1.305,40100,1.25513
2015-10-02,1.305,1.31,1.30,1.31,14200,1.25993
2015-10-05,1.31,1.31,1.30,1.30,41000,1.25032
2015-10-06,1.31,1.32,1.30,1.305,171100,1.25513
2015-10-07,1.31,1.325,1.305,1.305,233800,1.25513
2015-10-08,1.32,1.32,1.295,1.305,94900,1.25513
2015-10-09,1.31,1.34,1.305,1.325,171000,1.27436
2015-10-12,1.335,1.365,1.335,1.365,157700,1.31283
2015-10-13,1.36,1.3675,1.34,1.345,85200,1.2936
2015-10-14,1.345,1.355,1.30,1.32,178800,1.26955
2015-10-15,1.315,1.325,1.307,1.32,104700,1.26955
2015-10-16,1.33,1.36,1.325,1.325,80300,1.27436
2015-10-19,1.325,1.38,1.325,1.355,279200,1.30321
2015-10-20,1.355,1.36,1.325,1.325,67600,1.27436
2015-10-21,1.325,1.34,1.305,1.32,4001700,1.26955
2015-10-22,1.30,1.30,1.24,1.25,402600,1.22883
2015-10-23,1.28,1.32,1.275,1.32,254900,1.29764
2015-10-26,1.33,1.33,1.295,1.31,137000,1.28781
2015-10-27,1.30,1.325,1.30,1.315,104600,1.29272
2015-10-28,1.315,1.34,1.31,1.335,578800,1.31239
2015-10-29,1.31,1.335,1.30,1.30,134300,1.27798
2015-10-30,1.30,1.34,1.30,1.31,56200,1.28781
2015-11-02,1.335,1.335,1.30,1.335,147100,1.31239
2015-11-03,1.315,1.315,1.295,1.30,141700,1.27798
2015-11-04,1.305,1.325,1.28,1.29,189400,1.26815
2015-11-05,1.29,1.305,1.29,1.30,22300,1.27798
2015-11-06,1.305,1.32,1.30,1.32,297200,1.29764
2015-11-09,1.32,1.35,1.315,1.34,994500,1.3173
2015-11-10,1.33,1.37,1.33,1.37,707100,1.34679
2015-11-11,1.36,1.42,1.36,1.41,1321500,1.38611
2015-11-12,1.42,1.44,1.415,1.44,641500,1.41561
2015-11-13,1.44,1.445,1.42,1.435,237000,1.41069
2015-11-16,1.435,1.445,1.425,1.43,252300,1.40578
2015-11-17,1.435,1.48,1.435,1.465,1045300,1.44018
2015-11-18,1.495,1.50,1.465,1.485,882000,1.45984
2015-11-19,1.485,1.495,1.465,1.495,2946800,1.46967
2015-11-20,1.49,1.50,1.475,1.50,555700,1.47459
2015-11-23,1.49,1.60,1.485,1.54,517400,1.51391
2015-11-24,1.55,1.62,1.52,1.605,2281100,1.57781
2015-11-25,1.605,1.605,1.59,1.60,831900,1.5729
2015-11-26,1.605,1.61,1.59,1.60,578600,1.5729
2015-11-27,1.59,1.615,1.565,1.59,188700,1.56307
2015-11-30,1.585,1.64,1.58,1.64,623600,1.61222
2015-12-01,1.64,1.67,1.61,1.64,2115200,1.61222
2015-12-02,1.645,1.655,1.63,1.645,535300,1.61713
2015-12-03,1.64,1.68,1.635,1.675,370900,1.64663
2015-12-04,1.675,1.675,1.61,1.62,234900,1.59256
2015-12-07,1.67,1.68,1.645,1.68,362200,1.65154
2015-12-08,1.675,1.675,1.635,1.635,391100,1.6073
2015-12-09,1.615,1.63,1.61,1.615,240200,1.58764
2015-12-10,1.60,1.615,1.565,1.61,395900,1.58273
2015-12-11,1.585,1.62,1.585,1.59,343200,1.56307
2015-12-14,1.57,1.60,1.565,1.59,400000,1.56307
2015-12-15,1.58,1.61,1.565,1.575,654600,1.54832
2015-12-16,1.575,1.595,1.56,1.56,252500,1.53357
2015-12-17,1.57,1.60,1.52,1.525,418700,1.49917
2015-12-18,1.525,1.525,1.405,1.475,1256000,1.45001
2015-12-21,1.44,1.547,1.44,1.52,985900,1.49425
2015-12-22,1.53,1.565,1.515,1.52,809300,1.49425
2015-12-23,1.48,1.56,1.48,1.52,354800,1.49425
2015-12-24,1.51,1.535,1.50,1.52,337700,1.49425
2015-12-25,1.52,1.52,1.52,1.52,000,1.49425
2015-12-28,1.52,1.52,1.52,1.52,000,1.49425
2015-12-29,1.55,1.58,1.52,1.55,191300,1.52374
2015-12-30,1.57,1.61,1.55,1.565,343900,1.53849
2015-12-31,1.56,1.56,1.52,1.52,144000,1.49425
2016-01-01,1.52,1.52,1.52,1.52,000,1.49425
2016-01-04,1.52,1.595,1.52,1.585,294400,1.55815
2016-01-05,1.555,1.575,1.53,1.53,283700,1.50408
2016-01-06,1.565,1.565,1.525,1.535,2081200,1.509
2016-01-07,1.54,1.54,1.51,1.53,313000,1.50408
2016-01-08,1.51,1.51,1.43,1.47,719600,1.4451
2016-01-11,1.46,1.47,1.42,1.465,446200,1.44018
2016-01-12,1.43,1.505,1.43,1.45,135100,1.42544
2016-01-13,1.45,1.51,1.43,1.51,362300,1.48442
2016-01-14,1.48,1.48,1.44,1.465,143900,1.44018
2016-01-15,1.48,1.53,1.445,1.51,421400,1.48442
2016-01-18,1.51,1.52,1.455,1.475,175100,1.45001
2016-01-19,1.44,1.47,1.435,1.465,277900,1.44018
2016-01-20,1.44,1.52,1.435,1.45,169300,1.42544
2016-01-21,1.445,1.445,1.40,1.435,291800,1.41069
2016-01-22,1.46,1.46,1.415,1.44,221200,1.41561
2016-01-25,1.45,1.46,1.425,1.435,159700,1.41069
2016-01-26,1.435,1.435,1.435,1.435,000,1.41069
2016-01-27,1.435,1.445,1.355,1.445,405100,1.42052
2016-01-28,1.405,1.435,1.39,1.435,169600,1.41069
2016-01-29,1.44,1.49,1.435,1.475,545700,1.45001
2016-02-01,1.475,1.475,1.415,1.42,346100,1.39595
2016-02-02,1.44,1.475,1.42,1.465,223000,1.44018
2016-02-03,1.45,1.45,1.42,1.42,450500,1.39595
2016-02-04,1.42,1.425,1.415,1.42,363100,1.39595
2016-02-05,1.42,1.43,1.40,1.43,216400,1.40578
2016-02-08,1.43,1.43,1.39,1.39,309500,1.36645
2016-02-09,1.40,1.405,1.355,1.37,158200,1.34679
2016-02-10,1.37,1.37,1.28,1.30,564500,1.27798
2016-02-11,1.28,1.375,1.28,1.37,290000,1.34679
2016-02-12,1.37,1.37,1.35,1.35,402000,1.32713
2016-02-15,1.355,1.39,1.35,1.35,210100,1.32713
2016-02-16,1.365,1.42,1.355,1.39,736000,1.36645
2016-02-17,1.42,1.42,1.36,1.38,787000,1.35662
2016-02-18,1.36,1.425,1.357,1.41,1141200,1.38611
2016-02-19,1.39,1.41,1.38,1.405,152900,1.3812
2016-02-22,1.395,1.41,1.395,1.41,283300,1.38611
2016-02-23,1.395,1.4625,1.395,1.455,468500,1.43035
2016-02-24,1.425,1.47,1.407,1.42,438200,1.39595
2016-02-25,1.425,1.445,1.405,1.42,483800,1.39595
2016-02-26,1.42,1.425,1.375,1.385,273000,1.36154
2016-02-29,1.38,1.3925,1.37,1.385,822200,1.36154
2016-03-01,1.40,1.415,1.305,1.305,356100,1.28289
2016-03-02,1.34,1.34,1.295,1.33,415700,1.30747
2016-03-03,1.33,1.3425,1.315,1.325,481500,1.30255
2016-03-04,1.325,1.34,1.315,1.34,348600,1.3173
2016-03-07,1.34,1.37,1.325,1.365,222800,1.34188
2016-03-08,1.37,1.38,1.34,1.35,1080700,1.32713
2016-03-09,1.35,1.355,1.335,1.35,1651900,1.32713
2016-03-10,1.35,1.35,1.312,1.325,1198600,1.30255
2016-03-11,1.32,1.33,1.30,1.315,2340300,1.29272
2016-03-14,1.33,1.33,1.31,1.31,360200,1.28781
2016-03-15,1.32,1.335,1.305,1.325,357800,1.30255
2016-03-16,1.33,1.3675,1.32,1.35,1214300,1.32713
2016-03-17,1.355,1.415,1.355,1.385,764300,1.36154
2016-03-18,1.40,1.40,1.365,1.37,715200,1.34679
2016-03-21,1.36,1.37,1.33,1.34,268100,1.3173
2016-03-22,1.34,1.35,1.32,1.33,205100,1.30747
2016-03-23,1.34,1.35,1.315,1.32,301300,1.29764
2016-03-24,1.32,1.34,1.32,1.33,105000,1.30747
2016-03-25,1.33,1.33,1.33,1.33,000,1.30747
2016-03-28,1.33,1.33,1.33,1.33,000,1.30747
2016-03-29,1.33,1.33,1.285,1.295,343800,1.27306
2016-03-30,1.29,1.31,1.29,1.30,197100,1.27798
2016-03-31,1.30,1.335,1.295,1.32,253700,1.29764
2016-04-01,1.30,1.315,1.285,1.295,344100,1.27306
2016-04-04,1.29,1.31,1.29,1.29,212000,1.26815
2016-04-05,1.29,1.32,1.287,1.30,280300,1.27798
2016-04-06,1.30,1.3175,1.285,1.30,492900,1.27798
2016-04-07,1.29,1.305,1.285,1.29,2014100,1.26815
2016-04-08,1.285,1.285,1.25,1.265,1050100,1.24357
2016-04-11,1.26,1.29,1.255,1.28,1194700,1.25832
2016-04-12,1.275,1.29,1.255,1.265,559300,1.24357
2016-04-13,1.26,1.26,1.235,1.255,2108500,1.23357
2016-04-14,1.26,1.325,1.245,1.30,438400,1.27857
2016-04-15,1.31,1.315,1.285,1.29,2275600,1.26857


2016-04-18,1.30,1.32,1.29,1.295,331700,1.27357
2016-04-19,1.31,1.31,1.295,1.305,188600,1.28357
2016-04-20,1.31,1.345,1.31,1.335,476900,1.31357
2016-04-21,1.34,1.34,1.305,1.32,336500,1.32
2016-04-22,1.32,1.335,1.317,1.325,335600,1.325


2016-04-25,1.325,1.325,1.325,1.325,000,1.325
2016-04-26,1.325,1.34,1.32,1.325,214300,1.325
2016-04-27,1.32,1.335,1.305,1.315,326000,1.315
2016-04-28,1.31,1.335,1.305,1.32,4711100,1.32
2016-04-29,1.33,1.34,1.32,1.33,246500,1.33


2016-05-02,1.34,1.345,1.32,1.345,154400,1.345
2016-05-03,1.345,1.39,1.34,1.375,1273000,1.375
2016-05-04,1.38,1.38,1.355,1.36,126900,1.36
2016-05-05,1.35,1.37,1.34,1.35,146300,1.35
2016-05-06,1.33,1.34,1.307,1.32,264000,1.32


2016-05-09,1.32,1.365,1.32,1.35,304000,1.35
2016-05-10,1.35,1.37,1.35,1.355,178100,1.355
2016-05-11,1.36,1.36,1.30,1.325,262100,1.325
2016-05-12,1.325,1.327,1.30,1.32,275600,1.32
2016-05-13,1.315,1.33,1.312,1.315,137800,1.315


2016-05-16,1.32,1.33,1.302,1.315,284300,1.315
2016-05-17,1.32,1.345,1.31,1.33,222200,1.33
2016-05-18,1.315,1.337,1.30,1.325,869500,1.325
2016-05-19,1.33,1.37,1.33,1.37,258700,1.37
2016-05-20,1.37,1.45,1.37,1.40,733700,1.40


2016-05-23,1.40,1.40,1.38,1.385,342700,1.385
2016-05-24,1.375,1.40,1.365,1.375,754900,1.375
2016-05-25,1.38,1.39,1.35,1.38,563000,1.38
2016-05-26,1.38,1.40,1.36,1.39,1039100,1.39
2016-05-27,1.39,1.425,1.38,1.41,1008500,1.41


2016-05-30,1.415,1.445,1.415,1.435,212600,1.435
2016-05-31,1.44,1.445,1.422,1.44,216500,1.44
2016-06-01,1.44,1.445,1.425,1.435,153700,1.435
2016-06-02,1.44,1.44,1.43,1.43,145800,1.43
2016-06-03,1.43,1.44,1.415,1.42,361100,1.42


2016-06-06,1.42,1.42,1.352,1.37,235900,1.37
2016-06-07,1.37,1.39,1.36,1.385,104500,1.385
2016-06-08,1.39,1.40,1.38,1.39,96700,1.39
2016-06-09,1.385,1.435,1.38,1.41,883200,1.41
2016-06-10,1.41,1.41,1.39,1.40,183900,1.40


2016-06-13,1.40,1.40,1.40,1.40,000,1.40
2016-06-14,1.38,1.41,1.38,1.40,237100,1.40
