Date,Open,High,Low,Close,Volume,Adj Close
2015-01-01,0.225,0.225,0.225,0.225,000,0.225
2015-01-02,0.20,0.225,0.20,0.225,87900,0.225
2015-01-05,0.225,0.225,0.225,0.225,000,0.225
2015-01-06,0.225,0.225,0.225,0.225,000,0.225
2015-01-07,0.215,0.215,0.21,0.21,75300,0.21
2015-01-08,0.21,0.21,0.21,0.21,000,0.21
2015-01-09,0.21,0.21,0.20,0.20,49600,0.20
2015-01-12,0.20,0.22,0.20,0.21,240400,0.21
2015-01-13,0.21,0.21,0.21,0.21,000,0.21
2015-01-14,0.21,0.22,0.21,0.22,54500,0.22
2015-01-15,0.22,0.22,0.22,0.22,000,0.22
2015-01-16,0.215,0.215,0.21,0.21,26300,0.21
2015-01-19,0.21,0.21,0.21,0.21,109400,0.21
2015-01-20,0.21,0.24,0.21,0.24,583000,0.24
2015-01-21,0.23,0.23,0.225,0.225,174500,0.225
2015-01-22,0.225,0.225,0.22,0.22,62900,0.22
2015-01-23,0.225,0.23,0.225,0.23,324900,0.23
2015-01-26,0.23,0.23,0.23,0.23,000,0.23
2015-01-27,0.23,0.23,0.225,0.225,199500,0.225
2015-01-28,0.225,0.225,0.225,0.225,145000,0.225
2015-01-29,0.225,0.23,0.225,0.225,240200,0.225
2015-01-30,0.23,0.235,0.23,0.235,80200,0.235
2015-02-02,0.245,0.25,0.24,0.25,411200,0.25
2015-02-03,0.25,0.25,0.24,0.24,97400,0.24
2015-02-04,0.24,0.26,0.24,0.26,518400,0.26
2015-02-05,0.26,0.265,0.26,0.265,58000,0.265
2015-02-06,0.265,0.265,0.265,0.265,000,0.265
2015-02-09,0.26,0.27,0.26,0.27,117800,0.27
2015-02-10,0.27,0.27,0.27,0.27,000,0.27
2015-02-11,0.27,0.27,0.26,0.265,151800,0.265
2015-02-12,0.265,0.265,0.265,0.265,54300,0.265
2015-02-13,0.265,0.265,0.26,0.26,146500,0.26
2015-02-16,0.265,0.27,0.265,0.27,36600,0.27
2015-02-17,0.265,0.265,0.26,0.26,163100,0.26
2015-02-18,0.265,0.265,0.26,0.265,82500,0.265
2015-02-19,0.265,0.30,0.265,0.30,440100,0.30
2015-02-20,0.29,0.30,0.275,0.275,154000,0.275
2015-02-23,0.275,0.275,0.275,0.275,000,0.275
2015-02-24,0.275,0.295,0.275,0.295,62500,0.295
2015-02-25,0.295,0.305,0.295,0.30,104300,0.30
2015-02-26,0.30,0.30,0.30,0.30,21500,0.30
2015-02-27,0.30,0.30,0.30,0.30,20000,0.30
2015-03-02,0.295,0.295,0.29,0.29,84000,0.29
2015-03-03,0.30,0.32,0.30,0.30,160700,0.30
2015-03-04,0.29,0.30,0.29,0.30,190000,0.30
2015-03-05,0.30,0.31,0.295,0.31,574100,0.31
2015-03-06,0.325,0.35,0.325,0.325,205000,0.325
2015-03-09,0.325,0.34,0.325,0.34,86000,0.34
2015-03-10,0.355,0.37,0.35,0.355,190200,0.355
2015-03-11,0.36,0.36,0.35,0.35,55200,0.35
2015-03-12,0.35,0.37,0.345,0.345,161000,0.345
2015-03-13,0.345,0.35,0.33,0.345,108600,0.345
2015-03-16,0.345,0.37,0.345,0.37,146000,0.37
2015-03-17,0.37,0.39,0.36,0.36,66100,0.36
2015-03-18,0.38,0.41,0.38,0.41,399600,0.41
2015-03-19,0.40,0.41,0.40,0.40,492600,0.40
2015-03-20,0.40,0.405,0.39,0.395,336400,0.395
2015-03-23,0.395,0.395,0.38,0.385,224500,0.385
2015-03-24,0.385,0.385,0.385,0.385,000,0.385
2015-03-25,0.385,0.385,0.385,0.385,000,0.385
2015-03-26,0.385,0.385,0.385,0.385,000,0.385
2015-03-27,0.33,0.37,0.31,0.34,1505900,0.34
2015-03-30,0.34,0.35,0.33,0.345,946100,0.345
2015-03-31,0.345,0.36,0.33,0.35,972200,0.35
2015-04-01,0.35,0.35,0.34,0.35,345900,0.35
2015-04-02,0.34,0.34,0.33,0.34,307500,0.34
2015-04-03,0.34,0.34,0.34,0.34,000,0.34
2015-04-06,0.34,0.34,0.34,0.34,000,0.34
2015-04-07,0.345,0.35,0.335,0.35,200200,0.35
2015-04-08,0.35,0.35,0.335,0.34,144800,0.34
2015-04-09,0.34,0.345,0.34,0.34,126900,0.34
2015-04-10,0.34,0.34,0.315,0.33,362400,0.33
2015-04-13,0.33,0.335,0.315,0.335,450400,0.335
2015-04-14,0.335,0.335,0.32,0.335,144700,0.335
2015-04-15,0.34,0.345,0.325,0.33,689000,0.33
2015-04-16,0.34,0.345,0.335,0.335,640800,0.335
2015-04-17,0.335,0.335,0.29,0.305,1641900,0.305
2015-04-20,0.305,0.305,0.30,0.30,186600,0.30
2015-04-21,0.295,0.305,0.295,0.30,207000,0.30
2015-04-22,0.30,0.31,0.29,0.29,118600,0.29
2015-04-23,0.29,0.29,0.27,0.28,560500,0.28
2015-04-24,0.28,0.31,0.27,0.31,256400,0.31
2015-04-27,0.31,0.31,0.31,0.31,000,0.31
2015-04-28,0.305,0.305,0.275,0.275,94400,0.275
2015-04-29,0.28,0.28,0.27,0.28,72800,0.28
2015-04-30,0.28,0.29,0.275,0.275,93700,0.275
2015-05-01,0.27,0.27,0.265,0.27,80600,0.27
2015-05-04,0.275,0.285,0.275,0.285,100100,0.285
2015-05-05,0.285,0.285,0.27,0.27,93800,0.27
2015-05-06,0.26,0.26,0.255,0.255,174500,0.255
2015-05-07,0.25,0.27,0.25,0.27,413100,0.27
2015-05-08,0.27,0.27,0.27,0.27,25300,0.27
2015-05-11,0.26,0.26,0.26,0.26,15000,0.26
2015-05-12,0.265,0.28,0.26,0.28,252800,0.28
2015-05-13,0.28,0.28,0.28,0.28,000,0.28
2015-05-14,0.28,0.28,0.28,0.28,000,0.28
2015-05-15,0.26,0.26,0.26,0.26,15000,0.26
2015-05-18,0.29,0.30,0.29,0.30,315000,0.30
2015-05-19,0.30,0.315,0.30,0.30,175000,0.30
2015-05-20,0.29,0.305,0.29,0.30,94800,0.30
2015-05-21,0.285,0.29,0.285,0.29,35000,0.29
2015-05-22,0.29,0.29,0.29,0.29,41900,0.29
2015-05-25,0.30,0.30,0.30,0.30,23300,0.30
2015-05-26,0.29,0.29,0.29,0.29,3500,0.29
2015-05-27,0.29,0.30,0.29,0.295,66400,0.295
2015-05-28,0.28,0.285,0.26,0.285,176300,0.285
2015-05-29,0.285,0.285,0.285,0.285,26500,0.285
2015-06-01,0.295,0.30,0.27,0.285,122900,0.285
2015-06-02,0.30,0.30,0.30,0.30,36800,0.30
2015-06-03,0.29,0.29,0.275,0.275,126500,0.275
2015-06-04,0.28,0.28,0.28,0.28,63100,0.28
2015-06-05,0.28,0.30,0.275,0.30,71400,0.30
2015-06-08,0.30,0.30,0.30,0.30,000,0.30
2015-06-09,0.30,0.305,0.27,0.305,198800,0.305
2015-06-10,0.28,0.28,0.28,0.28,50000,0.28
2015-06-11,0.29,0.29,0.28,0.28,10400,0.28
2015-06-12,0.28,0.28,0.28,0.28,000,0.28
2015-06-15,0.28,0.29,0.28,0.28,21300,0.28
2015-06-16,0.27,0.28,0.265,0.28,119400,0.28
2015-06-17,0.27,0.27,0.27,0.27,48500,0.27
2015-06-18,0.265,0.265,0.26,0.26,18500,0.26
2015-06-19,0.26,0.265,0.25,0.26,157900,0.26
2015-06-22,0.27,0.27,0.26,0.26,103200,0.26
2015-06-23,0.26,0.30,0.26,0.295,440200,0.295
2015-06-24,0.295,0.295,0.285,0.29,306700,0.29
2015-06-25,0.30,0.30,0.285,0.285,123600,0.285
2015-06-26,0.29,0.30,0.29,0.30,156300,0.30
2015-06-29,0.30,0.30,0.285,0.29,130800,0.29
2015-06-30,0.28,0.29,0.27,0.29,54600,0.29
2015-07-01,0.27,0.28,0.27,0.28,12000,0.28
2015-07-02,0.28,0.28,0.27,0.27,36000,0.27
2015-07-03,0.29,0.29,0.265,0.265,99600,0.265
2015-07-06,0.28,0.28,0.27,0.27,25500,0.27
2015-07-07,0.27,0.27,0.27,0.27,17300,0.27
2015-07-08,0.27,0.27,0.27,0.27,000,0.27
2015-07-09,0.27,0.27,0.27,0.27,228700,0.27
2015-07-10,0.285,0.285,0.27,0.27,17000,0.27
2015-07-13,0.28,0.28,0.26,0.26,144600,0.26
2015-07-14,0.265,0.28,0.265,0.275,368200,0.275
2015-07-15,0.27,0.28,0.27,0.275,110200,0.275
2015-07-16,0.27,0.275,0.25,0.275,106600,0.275
2015-07-17,0.25,0.29,0.25,0.275,390200,0.275
2015-07-20,0.275,0.275,0.275,0.275,1800,0.275
2015-07-21,0.27,0.275,0.27,0.275,54700,0.275
2015-07-22,0.265,0.27,0.255,0.255,45800,0.255
2015-07-23,0.265,0.27,0.265,0.27,113200,0.27
2015-07-24,0.27,0.27,0.27,0.27,50000,0.27
2015-07-27,0.26,0.26,0.25,0.25,298800,0.25
2015-07-28,0.255,0.255,0.25,0.25,106800,0.25
2015-07-29,0.25,0.27,0.25,0.27,142000,0.27
2015-07-30,0.25,0.25,0.25,0.25,40000,0.25
2015-07-31,0.26,0.27,0.26,0.265,47000,0.265
2015-08-03,0.27,0.27,0.255,0.255,49500,0.255
2015-08-04,0.27,0.27,0.27,0.27,23000,0.27
2015-08-05,0.26,0.26,0.255,0.26,39600,0.26
2015-08-06,0.26,0.27,0.26,0.27,274200,0.27
2015-08-07,0.265,0.28,0.255,0.28,452700,0.28
2015-08-10,0.28,0.285,0.28,0.285,208200,0.285
2015-08-11,0.285,0.285,0.285,0.285,000,0.285
2015-08-12,0.27,0.27,0.265,0.27,108200,0.27
2015-08-13,0.27,0.27,0.27,0.27,5400,0.27
2015-08-14,0.27,0.275,0.27,0.275,21000,0.275
2015-08-17,0.275,0.28,0.275,0.28,165000,0.28
2015-08-18,0.28,0.28,0.27,0.27,18000,0.27
2015-08-19,0.26,0.26,0.255,0.26,82400,0.26
2015-08-20,0.26,0.26,0.25,0.25,211800,0.25
2015-08-21,0.255,0.28,0.255,0.28,30600,0.28
2015-08-24,0.255,0.27,0.245,0.245,238000,0.245
2015-08-25,0.245,0.26,0.225,0.25,118900,0.25
2015-08-26,0.26,0.26,0.26,0.26,10000,0.26
2015-08-27,0.235,0.25,0.235,0.24,220300,0.24
2015-08-28,0.24,0.24,0.24,0.24,70000,0.24
2015-08-31,0.25,0.255,0.24,0.24,134000,0.24
2015-09-01,0.24,0.24,0.24,0.24,000,0.24
2015-09-02,0.24,0.24,0.24,0.24,72200,0.24
2015-09-03,0.24,0.24,0.235,0.24,103100,0.24
2015-09-04,0.235,0.24,0.23,0.24,207200,0.24
2015-09-07,0.23,0.23,0.225,0.225,16400,0.225
2015-09-08,0.225,0.23,0.21,0.23,310300,0.23
2015-09-09,0.23,0.23,0.23,0.23,000,0.23
2015-09-10,0.23,0.23,0.23,0.23,000,0.23
2015-09-11,0.23,0.23,0.23,0.23,000,0.23
2015-09-14,0.22,0.22,0.205,0.205,163000,0.205
2015-09-15,0.205,0.23,0.185,0.23,490600,0.23
2015-09-16,0.22,0.245,0.22,0.245,105200,0.245
2015-09-17,0.245,0.245,0.245,0.245,35000,0.245
2015-09-18,0.25,0.255,0.25,0.255,40800,0.255
2015-09-21,0.25,0.255,0.245,0.255,193000,0.255
2015-09-22,0.255,0.255,0.255,0.255,000,0.255
2015-09-23,0.255,0.255,0.255,0.255,000,0.255
2015-09-24,0.25,0.25,0.235,0.235,9500,0.235
2015-09-25,0.235,0.235,0.235,0.235,54900,0.235
2015-09-28,0.235,0.235,0.235,0.235,000,0.235
2015-09-29,0.235,0.235,0.235,0.235,7000,0.235
2015-09-30,0.23,0.23,0.23,0.23,57900,0.23
2015-10-01,0.24,0.24,0.24,0.24,48600,0.24
2015-10-02,0.24,0.24,0.24,0.24,5000,0.24
2015-10-05,0.24,0.24,0.24,0.24,000,0.24
2015-10-06,0.235,0.235,0.23,0.23,38900,0.23
2015-10-07,0.23,0.23,0.23,0.23,17100,0.23
2015-10-08,0.23,0.23,0.23,0.23,2200,0.23
2015-10-09,0.22,0.22,0.22,0.22,47800,0.22
2015-10-12,0.22,0.22,0.22,0.22,000,0.22
2015-10-13,0.22,0.22,0.21,0.22,174600,0.22
2015-10-14,0.24,0.24,0.24,0.24,70100,0.24
2015-10-15,0.23,0.25,0.23,0.25,5500,0.25
2015-10-16,0.25,0.25,0.24,0.24,305000,0.24
2015-10-19,0.23,0.23,0.23,0.23,74200,0.23
2015-10-20,0.24,0.24,0.21,0.235,142600,0.235
2015-10-21,0.225,0.225,0.21,0.21,72000,0.21
2015-10-22,0.21,0.21,0.21,0.21,000,0.21
2015-10-23,0.22,0.22,0.215,0.22,83200,0.22
2015-10-26,0.22,0.225,0.215,0.225,68000,0.225
2015-10-27,0.215,0.23,0.21,0.23,225900,0.23
2015-10-28,0.23,0.23,0.215,0.23,164900,0.23
2015-10-29,0.23,0.23,0.23,0.23,43000,0.23
2015-10-30,0.22,0.22,0.22,0.22,22700,0.22
2015-11-02,0.215,0.22,0.215,0.22,91000,0.22
2015-11-03,0.22,0.22,0.20,0.20,50300,0.20
2015-11-04,0.21,0.21,0.20,0.20,139900,0.20
2015-11-05,0.20,0.20,0.20,0.20,8000,0.20
2015-11-06,0.19,0.205,0.185,0.205,177000,0.205
2015-11-09,0.205,0.205,0.19,0.205,194300,0.205
2015-11-10,0.19,0.205,0.185,0.185,209300,0.185
2015-11-11,0.19,0.19,0.175,0.18,709100,0.18
2015-11-12,0.18,0.18,0.17,0.17,53300,0.17
2015-11-13,0.17,0.175,0.16,0.175,334900,0.175
2015-11-16,0.175,0.175,0.175,0.175,000,0.175
2015-11-17,0.165,0.18,0.165,0.17,247600,0.17
2015-11-18,0.18,0.18,0.17,0.17,168300,0.17
2015-11-19,0.17,0.18,0.17,0.18,216600,0.18
2015-11-20,0.18,0.18,0.175,0.175,225200,0.175
2015-11-23,0.18,0.18,0.17,0.17,30900,0.17
2015-11-24,0.18,0.18,0.165,0.165,54100,0.165
2015-11-25,0.175,0.185,0.175,0.185,106300,0.185
2015-11-26,0.185,0.20,0.185,0.20,104500,0.20
2015-11-27,0.20,0.20,0.20,0.20,000,0.20
2015-11-30,0.20,0.20,0.20,0.20,000,0.20
2015-12-01,0.20,0.20,0.20,0.20,000,0.20
2015-12-02,0.20,0.20,0.20,0.20,000,0.20
2015-12-03,0.195,0.195,0.175,0.175,96900,0.175
2015-12-04,0.18,0.195,0.18,0.195,2500,0.195
2015-12-07,0.195,0.195,0.195,0.195,000,0.195
2015-12-08,0.18,0.18,0.18,0.18,150000,0.18
2015-12-09,0.18,0.18,0.18,0.18,000,0.18
2015-12-10,0.18,0.18,0.165,0.17,267600,0.17
2015-12-11,0.17,0.17,0.17,0.17,000,0.17
2015-12-14,0.165,0.165,0.16,0.165,86500,0.165
2015-12-15,0.165,0.165,0.155,0.16,163100,0.16
2015-12-16,0.20,0.25,0.185,0.195,2507400,0.195
2015-12-17,0.20,0.20,0.165,0.175,594900,0.175
2015-12-18,0.175,0.175,0.16,0.16,87000,0.16
2015-12-21,0.16,0.16,0.16,0.16,000,0.16
2015-12-22,0.17,0.18,0.165,0.165,103800,0.165
2015-12-23,0.165,0.165,0.165,0.165,4900,0.165
2015-12-24,0.165,0.165,0.165,0.165,000,0.165
2015-12-25,0.165,0.165,0.165,0.165,000,0.165
2015-12-28,0.165,0.165,0.165,0.165,000,0.165
2015-12-29,0.17,0.17,0.17,0.17,2900,0.17
2015-12-30,0.18,0.18,0.175,0.175,147000,0.175
2015-12-31,0.175,0.175,0.175,0.175,000,0.175
2016-01-01,0.175,0.175,0.175,0.175,000,0.175
2016-01-04,0.175,0.175,0.175,0.175,000,0.175
2016-01-05,0.165,0.165,0.165,0.165,56000,0.165
2016-01-06,0.16,0.16,0.16,0.16,101000,0.16
2016-01-07,0.17,0.17,0.17,0.17,200,0.17
2016-01-08,0.165,0.165,0.165,0.165,17800,0.165
2016-01-11,0.165,0.165,0.16,0.16,19800,0.16
2016-01-12,0.155,0.155,0.155,0.155,5000,0.155
2016-01-13,0.155,0.155,0.155,0.155,000,0.155
2016-01-14,0.15,0.16,0.13,0.16,32500,0.16
2016-01-15,0.16,0.17,0.16,0.17,27100,0.17
2016-01-18,0.165,0.175,0.165,0.175,360400,0.175
2016-01-19,0.175,0.175,0.175,0.175,000,0.175
2016-01-20,0.175,0.175,0.175,0.175,000,0.175
2016-01-21,0.15,0.16,0.14,0.15,60200,0.15
2016-01-22,0.15,0.15,0.15,0.15,000,0.15
2016-01-25,0.15,0.15,0.15,0.15,12000,0.15
2016-01-26,0.15,0.15,0.15,0.15,000,0.15
2016-01-27,0.15,0.15,0.14,0.15,101000,0.15
2016-01-28,0.15,0.15,0.15,0.15,000,0.15
2016-01-29,0.14,0.15,0.115,0.14,527800,0.14
2016-02-01,0.14,0.14,0.13,0.13,88200,0.13
2016-02-02,0.12,0.125,0.12,0.125,61000,0.125
2016-02-03,0.12,0.12,0.11,0.115,266900,0.115
2016-02-04,0.115,0.135,0.115,0.13,286200,0.13
2016-02-05,0.135,0.14,0.135,0.14,80500,0.14
2016-02-08,0.14,0.14,0.14,0.14,000,0.14
2016-02-09,0.15,0.16,0.15,0.16,28000,0.16
2016-02-10,0.145,0.145,0.145,0.145,5000,0.145
2016-02-11,0.145,0.145,0.125,0.125,100000,0.125
2016-02-12,0.145,0.145,0.12,0.145,42800,0.145
2016-02-15,0.145,0.145,0.145,0.145,100000,0.145
2016-02-16,0.145,0.145,0.145,0.145,000,0.145
2016-02-17,0.145,0.145,0.145,0.145,000,0.145
2016-02-18,0.135,0.135,0.125,0.125,42700,0.125
2016-02-19,0.125,0.135,0.125,0.135,86700,0.135
2016-02-22,0.135,0.14,0.135,0.14,40000,0.14
2016-02-23,0.14,0.14,0.14,0.14,87200,0.14
2016-02-24,0.14,0.145,0.14,0.14,16200,0.14
2016-02-25,0.14,0.14,0.14,0.14,000,0.14
2016-02-26,0.12,0.12,0.12,0.12,72400,0.12
2016-02-29,0.115,0.13,0.115,0.13,30000,0.13
2016-03-01,0.115,0.125,0.105,0.125,34900,0.125
2016-03-02,0.125,0.125,0.125,0.125,000,0.125
2016-03-03,0.125,0.125,0.125,0.125,000,0.125
2016-03-04,0.12,0.12,0.12,0.12,25000,0.12
2016-03-07,0.12,0.12,0.12,0.12,000,0.12
2016-03-08,0.115,0.115,0.11,0.11,230000,0.11
2016-03-09,0.105,0.12,0.10,0.12,130000,0.12
2016-03-10,0.105,0.105,0.105,0.105,5000,0.105
2016-03-11,0.105,0.105,0.105,0.105,272200,0.105
2016-03-14,0.105,0.105,0.105,0.105,000,0.105
2016-03-15,0.12,0.14,0.105,0.14,230000,0.14
2016-03-16,0.14,0.14,0.14,0.14,000,0.14
2016-03-17,0.12,0.135,0.12,0.135,3000,0.135
2016-03-18,0.115,0.135,0.115,0.135,48200,0.135
2016-03-21,0.135,0.135,0.135,0.135,000,0.135
2016-03-22,0.135,0.135,0.135,0.135,000,0.135
2016-03-23,0.12,0.125,0.12,0.125,233700,0.125
2016-03-24,0.125,0.125,0.125,0.125,000,0.125
2016-03-25,0.125,0.125,0.125,0.125,000,0.125
2016-03-28,0.125,0.125,0.125,0.125,000,0.125
2016-03-29,0.125,0.125,0.125,0.125,000,0.125
2016-03-30,0.115,0.115,0.11,0.11,126700,0.11
2016-03-31,0.11,0.11,0.11,0.11,000,0.11
2016-04-01,0.11,0.11,0.11,0.11,000,0.11
2016-04-04,0.105,0.105,0.105,0.105,4500,0.105
2016-04-05,0.105,0.11,0.105,0.105,73300,0.105
2016-04-06,0.105,0.105,0.105,0.105,25000,0.105
2016-04-07,0.105,0.105,0.105,0.105,28800,0.105
2016-04-08,0.105,0.105,0.105,0.105,205000,0.105
2016-04-11,0.105,0.11,0.105,0.11,72800,0.11
2016-04-12,0.11,0.11,0.11,0.11,000,0.11
2016-04-13,0.095,0.10,0.095,0.10,130000,0.10
2016-04-14,0.10,0.10,0.10,0.10,45000,0.10
2016-04-15,0.09,0.09,0.09,0.09,10000,0.09


2016-04-18,0.086,0.086,0.081,0.085,177000,0.085
2016-04-19,0.085,0.085,0.082,0.085,107500,0.085
2016-04-20,0.085,0.085,0.08,0.08,48000,0.08
2016-04-21,0.081,0.081,0.081,0.081,18300,0.081
2016-04-22,0.085,0.085,0.08,0.08,85000,0.08


2016-04-25,0.08,0.08,0.08,0.08,000,0.08
2016-04-26,0.075,0.075,0.075,0.075,294500,0.075
2016-04-27,0.086,0.135,0.086,0.12,759700,0.12
2016-04-28,0.10,0.115,0.095,0.115,94000,0.115
2016-04-29,0.105,0.105,0.105,0.105,15000,0.105


2016-05-02,0.11,0.12,0.11,0.12,52300,0.12
2016-05-03,0.12,0.12,0.12,0.12,000,0.12
2016-05-04,0.12,0.12,0.12,0.12,000,0.12
2016-05-05,0.12,0.12,0.12,0.12,000,0.12
2016-05-06,0.12,0.12,0.12,0.12,10000,0.12


2016-05-09,0.12,0.12,0.12,0.12,000,0.12
2016-05-10,0.092,0.10,0.092,0.10,60000,0.10
2016-05-11,0.091,0.091,0.09,0.09,35000,0.09
2016-05-12,0.09,0.09,0.09,0.09,000,0.09
2016-05-13,0.10,0.14,0.098,0.14,128000,0.14


2016-05-16,0.13,0.13,0.13,0.13,135000,0.13
2016-05-17,0.12,0.12,0.12,0.12,10000,0.12
2016-05-18,0.14,0.14,0.135,0.135,82500,0.135
2016-05-19,0.12,0.12,0.10,0.115,785500,0.115
2016-05-20,0.115,0.115,0.115,0.115,000,0.115


2016-05-23,0.12,0.135,0.12,0.125,69500,0.125
2016-05-24,0.115,0.115,0.115,0.115,70000,0.115
2016-05-25,0.115,0.115,0.115,0.115,25000,0.115
2016-05-26,0.115,0.115,0.115,0.115,10000,0.115
2016-05-27,0.115,0.115,0.115,0.115,000,0.115


2016-05-30,0.115,0.115,0.11,0.11,102800,0.11
2016-05-31,0.11,0.11,0.11,0.11,000,0.11
2016-06-01,0.11,0.11,0.11,0.11,000,0.11
2016-06-02,0.105,0.11,0.095,0.11,42300,0.11
2016-06-03,0.11,0.11,0.11,0.11,4300,0.11


2016-06-06,0.105,0.125,0.105,0.125,35000,0.125
2016-06-07,0.125,0.125,0.125,0.125,000,0.125
2016-06-08,0.125,0.125,0.12,0.12,48100,0.12
2016-06-09,0.12,0.12,0.12,0.12,000,0.12
2016-06-10,0.10,0.13,0.10,0.13,50000,0.13


2016-06-13,0.13,0.13,0.13,0.13,000,0.13
2016-06-14,0.13,0.13,0.13,0.13,000,0.13
