Date,Open,High,Low,Close,Volume,Adj Close
2015-01-01,0.11,0.11,0.11,0.11,000,0.11
2015-01-02,0.11,0.11,0.105,0.105,446100,0.105
2015-01-05,0.11,0.11,0.10,0.10,406900,0.10
2015-01-06,0.105,0.107,0.096,0.096,872600,0.096
2015-01-07,0.096,0.105,0.096,0.105,365700,0.105
2015-01-08,0.11,0.12,0.11,0.12,322400,0.12
2015-01-09,0.12,0.125,0.12,0.125,665100,0.125
2015-01-12,0.125,0.145,0.125,0.14,894900,0.14
2015-01-13,0.145,0.15,0.14,0.145,746300,0.145
2015-01-14,0.14,0.14,0.115,0.115,546600,0.115
2015-01-15,0.135,0.14,0.12,0.135,158700,0.135
2015-01-16,0.135,0.145,0.125,0.125,343200,0.125
2015-01-19,0.13,0.13,0.12,0.12,120200,0.12
2015-01-20,0.12,0.13,0.12,0.13,16100,0.13
2015-01-21,0.125,0.125,0.12,0.125,111700,0.125
2015-01-22,0.12,0.125,0.12,0.12,29800,0.12
2015-01-23,0.12,0.12,0.105,0.11,810900,0.11
2015-01-26,0.11,0.11,0.11,0.11,000,0.11
2015-01-27,0.12,0.12,0.105,0.105,165900,0.105
2015-01-28,0.105,0.105,0.105,0.105,000,0.105
2015-01-29,0.115,0.115,0.11,0.11,308800,0.11
2015-01-30,0.11,0.112,0.11,0.11,126100,0.11
2015-02-02,0.11,0.1125,0.11,0.11,159900,0.11
2015-02-03,0.11,0.11,0.11,0.11,27900,0.11
2015-02-04,0.115,0.12,0.115,0.115,337900,0.115
2015-02-05,0.11,0.11,0.105,0.105,447700,0.105
2015-02-06,0.105,0.105,0.105,0.105,128600,0.105
2015-02-09,0.105,0.11,0.102,0.105,147400,0.105
2015-02-10,0.10,0.105,0.10,0.10,236800,0.10
2015-02-11,0.10,0.102,0.10,0.10,16900,0.10
2015-02-12,0.105,0.105,0.10,0.10,77600,0.10
2015-02-13,0.10,0.1025,0.096,0.096,663600,0.096
2015-02-16,0.10,0.10,0.096,0.097,200900,0.097
2015-02-17,0.097,0.0975,0.093,0.095,946000,0.095
2015-02-18,0.095,0.095,0.095,0.095,264900,0.095
2015-02-19,0.093,0.093,0.09,0.09,187100,0.09
2015-02-20,0.092,0.092,0.091,0.092,118000,0.092
2015-02-23,0.093,0.093,0.093,0.093,30000,0.093
2015-02-24,0.092,0.093,0.092,0.093,55600,0.093
2015-02-25,0.092,0.094,0.092,0.093,41200,0.093
2015-02-26,0.095,0.0955,0.093,0.093,167300,0.093
2015-02-27,0.093,0.098,0.092,0.098,173800,0.098
2015-03-02,0.096,0.099,0.095,0.095,204400,0.095
2015-03-03,0.097,0.097,0.097,0.097,39600,0.097
2015-03-04,0.097,0.097,0.097,0.097,10000,0.097
2015-03-05,0.099,0.10,0.098,0.10,146500,0.10
2015-03-06,0.10,0.10,0.10,0.10,38700,0.10
2015-03-09,0.10,0.10,0.095,0.097,582300,0.097
2015-03-10,0.095,0.096,0.094,0.096,87500,0.096
2015-03-11,0.094,0.094,0.092,0.092,134800,0.092
2015-03-12,0.092,0.092,0.088,0.088,1108500,0.088
2015-03-13,0.088,0.088,0.084,0.086,794700,0.086
2015-03-16,0.086,0.088,0.085,0.088,219100,0.088
2015-03-17,0.09,0.093,0.089,0.089,42000,0.089
2015-03-18,0.087,0.087,0.086,0.086,62500,0.086
2015-03-19,0.088,0.088,0.084,0.084,42900,0.084
2015-03-20,0.087,0.087,0.084,0.086,368600,0.086
2015-03-23,0.086,0.086,0.083,0.084,190800,0.084
2015-03-24,0.085,0.087,0.085,0.087,167000,0.087
2015-03-25,0.088,0.0905,0.088,0.089,552400,0.089
2015-03-26,0.09,0.09,0.088,0.088,434700,0.088
2015-03-27,0.088,0.088,0.087,0.087,394600,0.087
2015-03-30,0.088,0.088,0.085,0.085,216400,0.085
2015-03-31,0.085,0.086,0.084,0.085,1536500,0.085
2015-04-01,0.085,0.085,0.085,0.085,45500,0.085
2015-04-02,0.085,0.085,0.085,0.085,15400,0.085
2015-04-03,0.085,0.085,0.085,0.085,000,0.085
2015-04-06,0.085,0.085,0.085,0.085,000,0.085
2015-04-07,0.085,0.085,0.083,0.083,203400,0.083
2015-04-08,0.083,0.085,0.083,0.084,134300,0.084
2015-04-09,0.083,0.085,0.083,0.085,224900,0.085
2015-04-10,0.085,0.086,0.084,0.084,320200,0.084
2015-04-13,0.089,0.089,0.087,0.087,75500,0.087
2015-04-14,0.087,0.0875,0.085,0.086,66800,0.086
2015-04-15,0.086,0.087,0.084,0.085,71200,0.085
2015-04-16,0.084,0.086,0.084,0.086,155900,0.086
2015-04-17,0.084,0.085,0.084,0.0845,448400,0.0845
2015-04-20,0.085,0.085,0.084,0.084,261500,0.084
2015-04-21,0.084,0.084,0.084,0.084,1000,0.084
2015-04-22,0.085,0.0855,0.085,0.085,121100,0.085
2015-04-23,0.086,0.086,0.085,0.085,479500,0.085
2015-04-24,0.086,0.086,0.085,0.086,659900,0.086
2015-04-27,0.087,0.089,0.085,0.086,1223300,0.086
2015-04-28,0.085,0.086,0.084,0.086,409700,0.086
2015-04-29,0.084,0.086,0.084,0.084,107000,0.084
2015-04-30,0.085,0.094,0.085,0.094,1284100,0.094
2015-05-01,0.094,0.12,0.094,0.11,946600,0.11
2015-05-04,0.13,0.135,0.12,0.125,606700,0.125
2015-05-05,0.125,0.135,0.12,0.135,1384600,0.135
2015-05-06,0.135,0.14,0.125,0.125,502900,0.125
2015-05-07,0.125,0.125,0.10,0.10,575700,0.10
2015-05-08,0.10,0.115,0.10,0.115,240200,0.115
2015-05-11,0.115,0.12,0.11,0.12,292900,0.12
2015-05-12,0.115,0.115,0.11,0.11,89200,0.11
2015-05-13,0.115,0.125,0.115,0.115,197700,0.115
2015-05-14,0.12,0.12,0.12,0.12,123400,0.12
2015-05-15,0.12,0.12,0.115,0.115,209800,0.115
2015-05-18,0.115,0.115,0.115,0.115,43200,0.115
2015-05-19,0.115,0.115,0.115,0.115,102300,0.115
2015-05-20,0.11,0.11,0.10,0.10,296600,0.10
2015-05-21,0.10,0.105,0.10,0.105,124500,0.105
2015-05-22,0.105,0.11,0.105,0.105,482800,0.105
2015-05-25,0.115,0.175,0.115,0.12,1840800,0.12
2015-05-26,0.125,0.13,0.12,0.12,422800,0.12
2015-05-27,0.125,0.125,0.11,0.12,401100,0.12
2015-05-28,0.12,0.12,0.115,0.12,118400,0.12
2015-05-29,0.12,0.125,0.115,0.12,310700,0.12
2015-06-01,0.125,0.125,0.125,0.125,59200,0.125
2015-06-02,0.12,0.12,0.115,0.12,272900,0.12
2015-06-03,0.12,0.125,0.12,0.125,471700,0.125
2015-06-04,0.13,0.135,0.125,0.13,461200,0.13
2015-06-05,0.125,0.125,0.125,0.125,24500,0.125
2015-06-08,0.125,0.125,0.125,0.125,000,0.125
2015-06-09,0.12,0.13,0.115,0.12,324100,0.12
2015-06-10,0.115,0.115,0.115,0.115,288100,0.115
2015-06-11,0.115,0.115,0.115,0.115,351900,0.115
2015-06-12,0.115,0.115,0.10,0.10,1061200,0.10
2015-06-15,0.10,0.11,0.10,0.105,204000,0.105
2015-06-16,0.105,0.115,0.105,0.105,289700,0.105
2015-06-17,0.105,0.11,0.10,0.10,107100,0.10
2015-06-18,0.105,0.105,0.10,0.10,140700,0.10
2015-06-19,0.10,0.10,0.10,0.10,638100,0.10
2015-06-22,0.10,0.10,0.10,0.10,207600,0.10
2015-06-23,0.10,0.10,0.10,0.10,34800,0.10
2015-06-24,0.10,0.105,0.099,0.105,176200,0.105
2015-06-25,0.10,0.10,0.10,0.10,89300,0.10
2015-06-26,0.10,0.10,0.10,0.10,116100,0.10
2015-06-29,0.10,0.10,0.099,0.099,76000,0.099
2015-06-30,0.099,0.105,0.099,0.105,74100,0.105
2015-07-01,0.105,0.11,0.105,0.11,69200,0.11
2015-07-02,0.105,0.11,0.105,0.11,188600,0.11
2015-07-03,0.11,0.11,0.10,0.10,18000,0.10
2015-07-06,0.10,0.10,0.10,0.10,3800,0.10
2015-07-07,0.10,0.10,0.10,0.10,55600,0.10
2015-07-08,0.10,0.10,0.098,0.098,203500,0.098
2015-07-09,0.098,0.098,0.098,0.098,4600,0.098
2015-07-10,0.098,0.10,0.098,0.10,123900,0.10
2015-07-13,0.10,0.10,0.10,0.10,000,0.10
2015-07-14,0.098,0.105,0.098,0.105,33700,0.105
2015-07-15,0.10,0.10,0.10,0.10,52500,0.10
2015-07-16,0.10,0.11,0.10,0.11,38900,0.11
2015-07-17,0.11,0.11,0.10,0.11,91100,0.11
2015-07-20,0.10,0.105,0.10,0.10,255200,0.10
2015-07-21,0.10,0.10,0.099,0.099,46300,0.099
2015-07-22,0.099,0.10,0.099,0.10,25900,0.10
2015-07-23,0.10,0.10,0.099,0.10,20000,0.10
2015-07-24,0.10,0.10,0.099,0.099,75200,0.099
2015-07-27,0.099,0.099,0.099,0.099,2500,0.099
2015-07-28,0.10,0.10,0.099,0.099,58200,0.099
2015-07-29,0.099,0.099,0.098,0.098,62600,0.098
2015-07-30,0.095,0.098,0.095,0.097,185900,0.097
2015-07-31,0.097,0.10,0.096,0.10,70500,0.10
2015-08-03,0.096,0.096,0.091,0.092,311100,0.092
2015-08-04,0.092,0.092,0.086,0.086,189900,0.086
2015-08-05,0.09,0.093,0.09,0.093,26000,0.093
2015-08-06,0.099,0.099,0.089,0.089,46500,0.089
2015-08-07,0.089,0.089,0.087,0.087,13700,0.087
2015-08-10,0.09,0.092,0.087,0.087,135800,0.087
2015-08-11,0.088,0.09,0.088,0.09,68300,0.09
2015-08-12,0.09,0.09,0.089,0.09,20600,0.09
2015-08-13,0.09,0.09,0.089,0.089,315700,0.089
2015-08-14,0.089,0.089,0.089,0.089,10400,0.089
2015-08-17,0.089,0.089,0.089,0.089,000,0.089
2015-08-18,0.09,0.09,0.09,0.09,40000,0.09
2015-08-19,0.089,0.089,0.089,0.089,40800,0.089
2015-08-20,0.089,0.095,0.086,0.095,192800,0.095
2015-08-21,0.091,0.092,0.091,0.092,37000,0.092
2015-08-24,0.088,0.09,0.084,0.084,268800,0.084
2015-08-25,0.085,0.085,0.083,0.083,90000,0.083
2015-08-26,0.087,0.09,0.087,0.089,124500,0.089
2015-08-27,0.089,0.094,0.088,0.088,98800,0.088
2015-08-28,0.088,0.089,0.085,0.089,175600,0.089
2015-08-31,0.094,0.094,0.085,0.085,18800,0.085
2015-09-01,0.085,0.085,0.085,0.085,35000,0.085
2015-09-02,0.085,0.087,0.085,0.087,26000,0.087
2015-09-03,0.087,0.087,0.087,0.087,2000,0.087
2015-09-04,0.09,0.09,0.083,0.083,77000,0.083
2015-09-07,0.083,0.083,0.083,0.083,101300,0.083
2015-09-08,0.083,0.083,0.083,0.083,1000,0.083
2015-09-09,0.083,0.083,0.083,0.083,000,0.083
2015-09-10,0.083,0.083,0.083,0.083,000,0.083
2015-09-11,0.086,0.086,0.086,0.086,46500,0.086
2015-09-14,0.086,0.09,0.085,0.09,92600,0.09
2015-09-15,0.09,0.09,0.09,0.09,000,0.09
2015-09-16,0.09,0.09,0.09,0.09,000,0.09
2015-09-17,0.09,0.09,0.085,0.085,67400,0.085
2015-09-18,0.085,0.085,0.085,0.085,000,0.085
2015-09-21,0.085,0.085,0.08,0.083,127100,0.083
2015-09-22,0.083,0.083,0.083,0.083,000,0.083
2015-09-23,0.083,0.083,0.083,0.083,000,0.083
2015-09-24,0.086,0.086,0.086,0.086,7200,0.086
2015-09-25,0.085,0.088,0.085,0.088,55900,0.088
2015-09-28,0.085,0.087,0.084,0.085,137800,0.085
2015-09-29,0.087,0.089,0.087,0.089,73000,0.089
2015-09-30,0.084,0.084,0.083,0.083,90500,0.083
2015-10-01,0.083,0.084,0.081,0.081,294000,0.081
2015-10-02,0.088,0.088,0.088,0.088,28000,0.088
2015-10-05,0.088,0.088,0.088,0.088,000,0.088
2015-10-06,0.085,0.085,0.082,0.085,56700,0.085
2015-10-07,0.082,0.085,0.082,0.084,100100,0.084
2015-10-08,0.083,0.083,0.083,0.083,10000,0.083
2015-10-09,0.085,0.085,0.085,0.085,13700,0.085
2015-10-12,0.087,0.092,0.086,0.092,332200,0.092
2015-10-13,0.086,0.092,0.086,0.091,343800,0.091
2015-10-14,0.091,0.091,0.091,0.091,000,0.091
2015-10-15,0.091,0.095,0.091,0.095,265000,0.095
2015-10-16,0.091,0.091,0.091,0.091,52000,0.091
2015-10-19,0.09,0.09,0.087,0.09,120400,0.09
2015-10-20,0.086,0.088,0.086,0.088,15700,0.088
2015-10-21,0.085,0.085,0.083,0.083,299700,0.083
2015-10-22,0.084,0.084,0.084,0.084,20000,0.084
2015-10-23,0.084,0.084,0.084,0.084,2000,0.084
2015-10-26,0.086,0.086,0.086,0.086,7900,0.086
2015-10-27,0.087,0.087,0.086,0.087,50000,0.087
2015-10-28,0.087,0.087,0.087,0.087,14000,0.087
2015-10-29,0.089,0.089,0.089,0.089,11500,0.089
2015-10-30,0.089,0.09,0.089,0.09,126400,0.09
2015-11-02,0.09,0.09,0.087,0.087,86800,0.087
2015-11-03,0.087,0.087,0.087,0.087,000,0.087
2015-11-04,0.086,0.086,0.085,0.085,202000,0.085
2015-11-05,0.085,0.085,0.083,0.084,143000,0.084
2015-11-06,0.084,0.084,0.084,0.084,000,0.084
2015-11-09,0.083,0.084,0.083,0.084,63300,0.084
2015-11-10,0.083,0.083,0.083,0.083,41500,0.083
2015-11-11,0.083,0.083,0.083,0.083,6700,0.083
2015-11-12,0.083,0.083,0.08,0.08,309100,0.08
2015-11-13,0.08,0.081,0.08,0.081,86400,0.081
2015-11-16,0.081,0.082,0.08,0.082,162100,0.082
2015-11-17,0.079,0.084,0.079,0.084,15500,0.084
2015-11-18,0.08,0.08,0.078,0.08,160900,0.08
2015-11-19,0.076,0.079,0.076,0.079,116300,0.079
2015-11-20,0.079,0.079,0.077,0.077,216000,0.077
2015-11-23,0.077,0.079,0.077,0.078,184200,0.078
2015-11-24,0.08,0.08,0.078,0.078,80100,0.078
2015-11-25,0.078,0.078,0.078,0.078,1900,0.078
2015-11-26,0.078,0.079,0.077,0.077,215200,0.077
2015-11-27,0.077,0.079,0.077,0.079,136200,0.079
2015-11-30,0.076,0.076,0.075,0.075,235800,0.075
2015-12-01,0.072,0.073,0.07,0.07,463800,0.07
2015-12-02,0.07,0.07,0.07,0.07,78600,0.07
2015-12-03,0.07,0.07,0.07,0.07,24300,0.07
2015-12-04,0.07,0.07,0.07,0.07,000,0.07
2015-12-07,0.068,0.072,0.067,0.067,118800,0.067
2015-12-08,0.065,0.065,0.064,0.064,23100,0.064
2015-12-09,0.064,0.067,0.06,0.067,722900,0.067
2015-12-10,0.065,0.065,0.061,0.061,40000,0.061
2015-12-11,0.061,0.066,0.061,0.066,93300,0.066
2015-12-14,0.065,0.065,0.065,0.065,20000,0.065
2015-12-15,0.065,0.065,0.064,0.064,82000,0.064
2015-12-16,0.063,0.063,0.063,0.063,200000,0.063
2015-12-17,0.062,0.063,0.055,0.055,495900,0.055
2015-12-18,0.055,0.06,0.053,0.06,879100,0.06
2015-12-21,0.06,0.06,0.06,0.06,101000,0.06
2015-12-22,0.056,0.056,0.056,0.056,20000,0.056
2015-12-23,0.06,0.062,0.056,0.056,1057400,0.056
2015-12-24,0.056,0.056,0.056,0.056,000,0.056
2015-12-25,0.056,0.056,0.056,0.056,000,0.056
2015-12-28,0.056,0.056,0.056,0.056,000,0.056
2015-12-29,0.06,0.06,0.06,0.06,4100,0.06
2015-12-30,0.06,0.06,0.059,0.06,37300,0.06
2015-12-31,0.057,0.057,0.057,0.057,7800,0.057
2016-01-01,0.057,0.057,0.057,0.057,000,0.057
2016-01-04,0.059,0.063,0.057,0.063,280000,0.063
2016-01-05,0.063,0.063,0.063,0.063,10800,0.063
2016-01-06,0.062,0.062,0.061,0.061,492500,0.061
2016-01-07,0.061,0.061,0.061,0.061,20500,0.061
2016-01-08,0.061,0.063,0.059,0.063,61400,0.063
2016-01-11,0.06,0.06,0.06,0.06,13900,0.06
2016-01-12,0.06,0.061,0.06,0.06,87200,0.06
2016-01-13,0.06,0.06,0.06,0.06,10800,0.06
2016-01-14,0.06,0.06,0.058,0.058,87200,0.058
2016-01-15,0.058,0.058,0.058,0.058,000,0.058
2016-01-18,0.058,0.058,0.056,0.056,217600,0.056
2016-01-19,0.056,0.056,0.056,0.056,78800,0.056
2016-01-20,0.056,0.056,0.056,0.056,34700,0.056
2016-01-21,0.056,0.062,0.056,0.062,71100,0.062
2016-01-22,0.064,0.064,0.063,0.063,34700,0.063
2016-01-25,0.063,0.063,0.063,0.063,000,0.063
2016-01-26,0.063,0.063,0.063,0.063,000,0.063
2016-01-27,0.058,0.058,0.056,0.056,80200,0.056
2016-01-28,0.056,0.056,0.056,0.056,000,0.056
2016-01-29,0.056,0.056,0.056,0.056,000,0.056
2016-02-01,0.056,0.056,0.056,0.056,000,0.056
2016-02-02,0.056,0.056,0.056,0.056,000,0.056
2016-02-03,0.056,0.056,0.054,0.055,350000,0.055
2016-02-04,0.055,0.0555,0.055,0.055,65500,0.055
2016-02-05,0.056,0.056,0.054,0.054,207200,0.054
2016-02-08,0.054,0.054,0.054,0.054,000,0.054
2016-02-09,0.053,0.053,0.052,0.052,141400,0.052
2016-02-10,0.051,0.051,0.047,0.051,124600,0.051
2016-02-11,0.05,0.05,0.044,0.045,967700,0.045
2016-02-12,0.046,0.05,0.046,0.049,29700,0.049
2016-02-15,0.049,0.05,0.049,0.05,3500,0.05
2016-02-16,0.049,0.051,0.049,0.051,108900,0.051
2016-02-17,0.049,0.055,0.049,0.055,243600,0.055
2016-02-18,0.057,0.057,0.05,0.05,436700,0.05
2016-02-19,0.052,0.052,0.052,0.052,41600,0.052
2016-02-22,0.051,0.051,0.05,0.05,85100,0.05
2016-02-23,0.05,0.05,0.05,0.05,000,0.05
2016-02-24,0.052,0.052,0.052,0.052,000,0.052
2016-02-25,0.055,0.057,0.055,0.057,244700,0.057
2016-02-26,0.057,0.057,0.057,0.057,000,0.057
2016-02-29,0.055,0.058,0.055,0.058,8600,0.058
2016-03-01,0.058,0.058,0.055,0.055,177400,0.055
2016-03-02,0.055,0.058,0.055,0.056,190000,0.056
2016-03-03,0.058,0.06,0.058,0.06,127800,0.06
2016-03-04,0.064,0.075,0.064,0.074,1102000,0.074
2016-03-07,0.076,0.08,0.076,0.08,561700,0.08
2016-03-08,0.09,0.09,0.088,0.089,651600,0.089
2016-03-09,0.088,0.09,0.083,0.09,622700,0.09
2016-03-10,0.09,0.09,0.09,0.09,000,0.09
2016-03-11,0.087,0.087,0.083,0.083,38400,0.083
2016-03-14,0.083,0.084,0.076,0.076,260400,0.076
2016-03-15,0.075,0.076,0.074,0.074,100300,0.074
2016-03-16,0.067,0.069,0.067,0.069,35100,0.069
2016-03-17,0.074,0.076,0.074,0.075,175400,0.075
2016-03-18,0.075,0.08,0.075,0.08,545900,0.08
2016-03-21,0.08,0.08,0.08,0.08,000,0.08
2016-03-22,0.08,0.08,0.08,0.08,000,0.08
2016-03-23,0.08,0.08,0.08,0.08,000,0.08
2016-03-24,0.08,0.08,0.08,0.08,000,0.08
2016-03-25,0.08,0.08,0.08,0.08,000,0.08
2016-03-28,0.08,0.08,0.08,0.08,000,0.08
2016-03-29,0.07,0.07,0.069,0.069,22000,0.069
2016-03-30,0.068,0.068,0.068,0.068,16000,0.068
2016-03-31,0.068,0.068,0.067,0.067,53900,0.067
2016-04-01,0.067,0.067,0.067,0.067,000,0.067
2016-04-04,0.067,0.067,0.067,0.067,000,0.067
2016-04-05,0.068,0.069,0.068,0.069,15000,0.069
2016-04-06,0.07,0.071,0.07,0.07,46200,0.07
2016-04-07,0.07,0.07,0.068,0.07,23000,0.07
2016-04-08,0.068,0.068,0.068,0.068,66400,0.068
2016-04-11,0.068,0.068,0.067,0.067,59100,0.067
2016-04-12,0.067,0.068,0.067,0.068,46600,0.068
2016-04-13,0.069,0.07,0.069,0.07,84800,0.07
2016-04-14,0.07,0.07,0.069,0.07,129200,0.07
2016-04-15,0.074,0.075,0.071,0.071,65200,0.071


2016-04-18,0.072,0.072,0.072,0.072,11600,0.072
2016-04-19,0.075,0.075,0.07,0.07,62300,0.07
2016-04-20,0.07,0.07,0.069,0.069,128400,0.069
2016-04-21,0.07,0.07,0.069,0.069,125500,0.069
2016-04-22,0.07,0.07,0.067,0.067,58400,0.067


2016-04-25,0.067,0.067,0.067,0.067,000,0.067
2016-04-26,0.067,0.069,0.064,0.064,108500,0.064
2016-04-27,0.064,0.066,0.062,0.062,122100,0.062
2016-04-28,0.067,0.067,0.067,0.067,10800,0.067
2016-04-29,0.067,0.067,0.067,0.067,000,0.067


2016-05-02,0.067,0.068,0.055,0.06,237200,0.06
2016-05-03,0.06,0.066,0.06,0.066,40100,0.066
2016-05-04,0.065,0.065,0.065,0.065,11600,0.065
2016-05-05,0.061,0.061,0.059,0.06,102200,0.06
2016-05-06,0.065,0.065,0.06,0.06,204400,0.06


2016-05-09,0.058,0.058,0.058,0.058,5000,0.058
2016-05-10,0.058,0.058,0.058,0.058,40000,0.058
2016-05-11,0.058,0.06,0.058,0.06,27000,0.06
2016-05-12,0.059,0.06,0.059,0.06,94600,0.06
2016-05-13,0.06,0.06,0.06,0.06,6400,0.06


2016-05-16,0.06,0.06,0.06,0.06,210800,0.06
2016-05-17,0.06,0.06,0.055,0.055,200900,0.055
2016-05-18,0.057,0.057,0.055,0.055,108500,0.055
2016-05-19,0.055,0.055,0.055,0.055,000,0.055
2016-05-20,0.06,0.06,0.06,0.06,30000,0.06


2016-05-23,0.062,0.065,0.062,0.065,158900,0.065
2016-05-24,0.065,0.065,0.065,0.065,9200,0.065
2016-05-25,0.065,0.069,0.065,0.068,205900,0.068
2016-05-26,0.07,0.072,0.07,0.072,156800,0.072
2016-05-27,0.07,0.071,0.07,0.071,53300,0.071


2016-05-30,0.073,0.078,0.073,0.073,205300,0.073
2016-05-31,0.07,0.07,0.065,0.065,57500,0.065
2016-06-01,0.065,0.065,0.065,0.065,1000,0.065
2016-06-02,0.067,0.067,0.067,0.067,22000,0.067
2016-06-03,0.067,0.068,0.065,0.067,125000,0.067


2016-06-06,0.067,0.067,0.065,0.067,225900,0.067
2016-06-07,0.066,0.066,0.065,0.065,210000,0.065
2016-06-08,0.064,0.064,0.062,0.062,357400,0.062
2016-06-09,0.063,0.065,0.062,0.065,317700,0.065
2016-06-10,0.063,0.063,0.059,0.059,450900,0.059


2016-06-13,0.059,0.059,0.059,0.059,000,0.059
2016-06-14,0.059,0.059,0.055,0.055,912900,0.055
