Date,Open,High,Low,Close,Volume,Adj Close
2015-01-01,0.054,0.054,0.054,0.054,000,0.054
2015-01-02,0.054,0.055,0.054,0.054,574000,0.054
2015-01-05,0.054,0.054,0.053,0.053,350000,0.053
2015-01-06,0.051,0.052,0.051,0.052,90000,0.052
2015-01-07,0.051,0.055,0.051,0.055,365000,0.055
2015-01-08,0.055,0.055,0.053,0.053,180000,0.053
2015-01-09,0.052,0.054,0.052,0.054,279300,0.054
2015-01-12,0.054,0.055,0.054,0.054,218600,0.054
2015-01-13,0.054,0.055,0.054,0.054,171600,0.054
2015-01-14,0.054,0.056,0.054,0.056,498300,0.056
2015-01-15,0.055,0.055,0.055,0.055,449900,0.055
2015-01-16,0.055,0.055,0.054,0.055,479000,0.055
2015-01-19,0.055,0.055,0.054,0.054,403800,0.054
2015-01-20,0.055,0.055,0.055,0.055,465300,0.055
2015-01-21,0.062,0.08,0.06,0.08,44531000,0.08
2015-01-22,0.076,0.078,0.07,0.071,22156600,0.071
2015-01-23,0.071,0.078,0.068,0.076,11753500,0.076
2015-01-26,0.076,0.076,0.076,0.076,000,0.076
2015-01-27,0.074,0.082,0.072,0.072,28401700,0.072
2015-01-28,0.072,0.076,0.07,0.073,4812200,0.073
2015-01-29,0.074,0.078,0.074,0.077,3750400,0.077
2015-01-30,0.078,0.081,0.074,0.075,9550100,0.075
2015-02-02,0.075,0.076,0.072,0.072,1191600,0.072
2015-02-03,0.072,0.081,0.072,0.08,5406800,0.08
2015-02-04,0.078,0.086,0.074,0.074,19108700,0.074
2015-02-05,0.075,0.079,0.073,0.078,4043000,0.078
2015-02-06,0.081,0.082,0.076,0.077,5944700,0.077
2015-02-09,0.078,0.079,0.077,0.078,1074200,0.078
2015-02-10,0.077,0.084,0.077,0.084,11192600,0.084
2015-02-11,0.084,0.094,0.081,0.093,18111600,0.093
2015-02-12,0.094,0.098,0.089,0.089,12709800,0.089
2015-02-13,0.091,0.094,0.086,0.09,4562200,0.09
2015-02-16,0.091,0.093,0.088,0.092,2499800,0.092
2015-02-17,0.093,0.095,0.09,0.091,3148000,0.091
2015-02-18,0.092,0.092,0.09,0.092,1070200,0.092
2015-02-19,0.093,0.10,0.092,0.099,9371200,0.099
2015-02-20,0.10,0.105,0.095,0.095,8454700,0.095
2015-02-23,0.097,0.099,0.095,0.096,3771600,0.096
2015-02-24,0.097,0.102,0.097,0.098,3151800,0.098
2015-02-25,0.10,0.105,0.086,0.089,14290500,0.089
2015-02-26,0.089,0.093,0.086,0.087,4516000,0.087
2015-02-27,0.086,0.088,0.083,0.087,2238100,0.087
2015-03-02,0.087,0.087,0.084,0.085,1346100,0.085
2015-03-03,0.084,0.085,0.08,0.082,2676900,0.082
2015-03-04,0.082,0.083,0.082,0.083,365300,0.083
2015-03-05,0.085,0.095,0.085,0.094,5255400,0.094
2015-03-06,0.094,0.097,0.092,0.092,2680200,0.092
2015-03-09,0.093,0.095,0.093,0.093,1841000,0.093
2015-03-10,0.093,0.094,0.091,0.094,1498400,0.094
2015-03-11,0.093,0.096,0.091,0.096,1318700,0.096
2015-03-12,0.099,0.105,0.097,0.105,8666900,0.105
2015-03-13,0.105,0.11,0.105,0.11,3103900,0.11
2015-03-16,0.11,0.11,0.10,0.10,3780100,0.10
2015-03-17,0.10,0.105,0.099,0.105,2938100,0.105
2015-03-18,0.105,0.105,0.102,0.102,542600,0.102
2015-03-19,0.105,0.105,0.099,0.099,1786300,0.099
2015-03-20,0.099,0.10,0.095,0.096,2171300,0.096
2015-03-23,0.097,0.10,0.097,0.098,1884800,0.098
2015-03-24,0.098,0.099,0.096,0.097,794000,0.097
2015-03-25,0.098,0.105,0.098,0.10,1384000,0.10
2015-03-26,0.10,0.10,0.099,0.10,2201100,0.10
2015-03-27,0.10,0.10,0.099,0.10,415200,0.10
2015-03-30,0.10,0.10,0.099,0.099,908200,0.099
2015-03-31,0.10,0.10,0.10,0.10,356700,0.10
2015-04-01,0.10,0.105,0.10,0.105,1877300,0.105
2015-04-02,0.105,0.105,0.10,0.10,1625700,0.10
2015-04-03,0.10,0.10,0.10,0.10,000,0.10
2015-04-06,0.10,0.10,0.10,0.10,000,0.10
2015-04-07,0.10,0.105,0.10,0.10,1159200,0.10
2015-04-08,0.10,0.10,0.096,0.096,4915400,0.096
2015-04-09,0.096,0.096,0.091,0.091,3354100,0.091
2015-04-10,0.09,0.095,0.09,0.093,2151800,0.093
2015-04-13,0.094,0.097,0.093,0.093,1222700,0.093
2015-04-14,0.093,0.105,0.093,0.098,3452700,0.098
2015-04-15,0.10,0.105,0.099,0.10,969700,0.10
2015-04-16,0.099,0.099,0.096,0.096,1311600,0.096
2015-04-17,0.098,0.10,0.096,0.097,531200,0.097
2015-04-20,0.097,0.097,0.094,0.095,1452600,0.095
2015-04-21,0.096,0.098,0.096,0.098,498400,0.098
2015-04-22,0.097,0.105,0.097,0.105,1633600,0.105
2015-04-23,0.105,0.105,0.10,0.10,1010300,0.10
2015-04-24,0.10,0.105,0.10,0.10,1114400,0.10
2015-04-27,0.10,0.10,0.099,0.10,267800,0.10
2015-04-28,0.10,0.10,0.098,0.10,520400,0.10
2015-04-29,0.10,0.10,0.098,0.10,352300,0.10
2015-04-30,0.099,0.10,0.095,0.099,728000,0.099
2015-05-01,0.099,0.10,0.096,0.10,466000,0.10
2015-05-04,0.105,0.1225,0.105,0.12,9750400,0.12
2015-05-05,0.12,0.12,0.112,0.12,4269300,0.12
2015-05-06,0.12,0.12,0.11,0.11,2031800,0.11
2015-05-07,0.115,0.13,0.115,0.13,7865300,0.13
2015-05-08,0.13,0.13,0.122,0.13,4160700,0.13
2015-05-11,0.13,0.13,0.13,0.13,729700,0.13
2015-05-12,0.13,0.13,0.12,0.12,1324100,0.12
2015-05-13,0.12,0.125,0.12,0.125,128700,0.125
2015-05-14,0.125,0.125,0.12,0.12,557300,0.12
2015-05-15,0.12,0.12,0.115,0.115,1541900,0.115
2015-05-18,0.115,0.12,0.115,0.12,925800,0.12
2015-05-19,0.12,0.12,0.115,0.115,209300,0.115
2015-05-20,0.115,0.12,0.115,0.115,912600,0.115
2015-05-21,0.115,0.115,0.115,0.115,1220200,0.115
2015-05-22,0.115,0.115,0.115,0.115,652600,0.115
2015-05-25,0.12,0.12,0.115,0.115,177600,0.115
2015-05-26,0.115,0.115,0.115,0.115,107600,0.115
2015-05-27,0.115,0.12,0.115,0.12,129800,0.12
2015-05-28,0.12,0.12,0.117,0.12,227800,0.12
2015-05-29,0.12,0.12,0.115,0.115,706800,0.115
2015-06-01,0.115,0.12,0.115,0.115,633700,0.115
2015-06-02,0.115,0.115,0.115,0.115,2022000,0.115
2015-06-03,0.115,0.115,0.115,0.115,147000,0.115
2015-06-04,0.115,0.12,0.115,0.115,433100,0.115
2015-06-05,0.115,0.125,0.115,0.115,2366400,0.115
2015-06-08,0.115,0.115,0.115,0.115,000,0.115
2015-06-09,0.115,0.12,0.115,0.12,1034100,0.12
2015-06-10,0.12,0.12,0.115,0.12,535900,0.12
2015-06-11,0.12,0.125,0.12,0.125,430200,0.125
2015-06-12,0.125,0.135,0.125,0.13,3674600,0.13
2015-06-15,0.135,0.14,0.135,0.14,1756900,0.14
2015-06-16,0.14,0.142,0.137,0.14,2017700,0.14
2015-06-17,0.145,0.147,0.14,0.14,2655300,0.14
2015-06-18,0.14,0.145,0.14,0.145,545100,0.145
2015-06-19,0.14,0.145,0.135,0.14,2866900,0.14
2015-06-22,0.14,0.145,0.14,0.145,189100,0.145
2015-06-23,0.145,0.155,0.145,0.155,3014200,0.155
2015-06-24,0.155,0.155,0.145,0.15,1564600,0.15
2015-06-25,0.15,0.15,0.15,0.15,1378100,0.15
2015-06-26,0.15,0.15,0.145,0.145,308000,0.145
2015-06-29,0.15,0.15,0.14,0.145,1891700,0.145
2015-06-30,0.14,0.145,0.135,0.145,491900,0.145
2015-07-01,0.145,0.15,0.14,0.15,444100,0.15
2015-07-02,0.15,0.15,0.14,0.145,812600,0.145
2015-07-03,0.14,0.145,0.14,0.145,128700,0.145
2015-07-06,0.14,0.142,0.14,0.14,291700,0.14
2015-07-07,0.145,0.145,0.14,0.14,226000,0.14
2015-07-08,0.145,0.145,0.135,0.135,1416700,0.135
2015-07-09,0.14,0.14,0.135,0.135,863600,0.135
2015-07-10,0.135,0.135,0.13,0.13,924600,0.13
2015-07-13,0.132,0.135,0.13,0.13,257500,0.13
2015-07-14,0.14,0.155,0.14,0.155,5957600,0.155
2015-07-15,0.155,0.155,0.145,0.145,1330400,0.145
2015-07-16,0.16,0.162,0.15,0.155,6245500,0.155
2015-07-17,0.15,0.16,0.15,0.16,2681100,0.16
2015-07-20,0.16,0.17,0.16,0.17,3492900,0.17
2015-07-21,0.17,0.19,0.165,0.19,7464000,0.19
2015-07-22,0.185,0.185,0.175,0.175,3901800,0.175
2015-07-23,0.185,0.19,0.175,0.175,1326000,0.175
2015-07-24,0.18,0.185,0.18,0.185,946600,0.185
2015-07-27,0.185,0.185,0.18,0.185,681100,0.185
2015-07-28,0.185,0.195,0.182,0.195,3023800,0.195
2015-07-29,0.19,0.20,0.19,0.20,4355900,0.20
2015-07-30,0.205,0.22,0.205,0.22,5429600,0.22
2015-07-31,0.22,0.22,0.205,0.21,2943500,0.21
2015-08-03,0.205,0.21,0.195,0.195,2344300,0.195
2015-08-04,0.195,0.205,0.195,0.20,1968400,0.20
2015-08-05,0.20,0.205,0.195,0.195,1259800,0.195
2015-08-06,0.195,0.1975,0.185,0.19,2229700,0.19
2015-08-07,0.185,0.185,0.18,0.18,1926900,0.18
2015-08-10,0.185,0.205,0.185,0.20,2176300,0.20
2015-08-11,0.205,0.215,0.20,0.21,3668400,0.21
2015-08-12,0.21,0.21,0.195,0.20,1341000,0.20
2015-08-13,0.205,0.215,0.20,0.20,1378400,0.20
2015-08-14,0.20,0.205,0.195,0.195,812200,0.195
2015-08-17,0.205,0.205,0.20,0.205,814000,0.205
2015-08-18,0.205,0.205,0.197,0.20,1026700,0.20
2015-08-19,0.20,0.21,0.195,0.205,2086100,0.205
2015-08-20,0.20,0.20,0.195,0.20,1390400,0.20
2015-08-21,0.19,0.195,0.185,0.19,2109300,0.19
2015-08-24,0.18,0.1825,0.16,0.17,8760800,0.17
2015-08-25,0.15,0.175,0.15,0.175,6876100,0.175
2015-08-26,0.18,0.20,0.18,0.195,4703100,0.195
2015-08-27,0.20,0.20,0.16,0.175,8182300,0.175
2015-08-28,0.175,0.18,0.165,0.17,2637000,0.17
2015-08-31,0.17,0.175,0.165,0.165,2247100,0.165
2015-09-01,0.17,0.17,0.15,0.15,4491000,0.15
2015-09-02,0.14,0.155,0.13,0.15,8698100,0.15
2015-09-03,0.16,0.16,0.145,0.145,1736400,0.145
2015-09-04,0.145,0.145,0.135,0.135,2432400,0.135
2015-09-07,0.13,0.135,0.125,0.125,7815300,0.125
2015-09-08,0.125,0.145,0.125,0.135,4535700,0.135
2015-09-09,0.14,0.15,0.14,0.14,2870200,0.14
2015-09-10,0.14,0.1475,0.14,0.145,1712500,0.145
2015-09-11,0.145,0.15,0.14,0.14,919400,0.14
2015-09-14,0.145,0.145,0.135,0.14,1798500,0.14
2015-09-15,0.14,0.14,0.135,0.135,223600,0.135
2015-09-16,0.14,0.145,0.14,0.145,779800,0.145
2015-09-17,0.145,0.15,0.145,0.15,1881300,0.15
2015-09-18,0.15,0.15,0.14,0.145,1730200,0.145
2015-09-21,0.145,0.145,0.14,0.14,1782100,0.14
2015-09-22,0.145,0.145,0.14,0.14,190700,0.14
2015-09-23,0.14,0.145,0.135,0.14,1594400,0.14
2015-09-24,0.14,0.14,0.13,0.13,3835300,0.13
2015-09-25,0.13,0.135,0.127,0.135,1464600,0.135
2015-09-28,0.14,0.145,0.135,0.14,1784700,0.14
2015-09-29,0.14,0.14,0.13,0.13,561900,0.13
2015-09-30,0.135,0.14,0.13,0.13,2274700,0.13
2015-10-01,0.135,0.135,0.13,0.13,869200,0.13
2015-10-02,0.13,0.13,0.125,0.13,2743400,0.13
2015-10-05,0.135,0.135,0.125,0.13,634400,0.13
2015-10-06,0.135,0.14,0.13,0.135,2104700,0.135
2015-10-07,0.135,0.14,0.135,0.14,1068000,0.14
2015-10-08,0.14,0.145,0.135,0.135,2498600,0.135
2015-10-09,0.14,0.14,0.135,0.14,447500,0.14
2015-10-12,0.14,0.145,0.14,0.14,257700,0.14
2015-10-13,0.14,0.15,0.14,0.15,1749800,0.15
2015-10-14,0.15,0.15,0.14,0.14,1252500,0.14
2015-10-15,0.145,0.15,0.14,0.15,1113100,0.15
2015-10-16,0.16,0.19,0.16,0.18,13355400,0.18
2015-10-19,0.175,0.1775,0.162,0.17,4892900,0.17
2015-10-20,0.17,0.18,0.165,0.17,3649600,0.17
2015-10-21,0.175,0.182,0.17,0.17,4450700,0.17
2015-10-22,0.17,0.175,0.162,0.165,3967800,0.165
2015-10-23,0.165,0.17,0.162,0.165,891100,0.165
2015-10-26,0.17,0.175,0.165,0.165,2052900,0.165
2015-10-27,0.17,0.17,0.165,0.165,877600,0.165
2015-10-28,0.165,0.165,0.165,0.165,528300,0.165
2015-10-29,0.165,0.17,0.165,0.17,1175100,0.17
2015-10-30,0.165,0.167,0.165,0.165,622400,0.165
2015-11-02,0.165,0.17,0.165,0.165,896400,0.165
2015-11-03,0.17,0.17,0.165,0.165,697800,0.165
2015-11-04,0.165,0.1675,0.16,0.16,1631500,0.16
2015-11-05,0.16,0.16,0.15,0.16,5133500,0.16
2015-11-06,0.15,0.155,0.15,0.155,2429700,0.155
2015-11-09,0.15,0.15,0.145,0.15,1240600,0.15
2015-11-10,0.15,0.155,0.147,0.155,4205300,0.155
2015-11-11,0.155,0.155,0.152,0.155,1113200,0.155
2015-11-12,0.155,0.155,0.152,0.155,844400,0.155
2015-11-13,0.15,0.155,0.15,0.155,369000,0.155
2015-11-16,0.15,0.155,0.15,0.155,354100,0.155
2015-11-17,0.155,0.16,0.152,0.16,708000,0.16
2015-11-18,0.16,0.16,0.155,0.16,1012500,0.16
2015-11-19,0.165,0.17,0.157,0.16,4538300,0.16
2015-11-20,0.165,0.18,0.162,0.18,2917000,0.18
2015-11-23,0.18,0.18,0.165,0.165,3561400,0.165
2015-11-24,0.165,0.17,0.165,0.17,460400,0.17
2015-11-25,0.17,0.17,0.165,0.165,813300,0.165
2015-11-26,0.17,0.17,0.16,0.165,1162500,0.165
2015-11-27,0.16,0.165,0.16,0.16,380500,0.16
2015-11-30,0.16,0.165,0.16,0.16,574700,0.16
2015-12-01,0.16,0.1625,0.155,0.155,1989000,0.155
2015-12-02,0.155,0.16,0.155,0.16,932200,0.16
2015-12-03,0.16,0.165,0.157,0.165,1056400,0.165
2015-12-04,0.16,0.165,0.16,0.16,1186800,0.16
2015-12-07,0.165,0.165,0.16,0.16,832200,0.16
2015-12-08,0.165,0.165,0.157,0.16,1072900,0.16
2015-12-09,0.16,0.16,0.155,0.16,998000,0.16
2015-12-10,0.16,0.17,0.16,0.17,1783200,0.17
2015-12-11,0.17,0.1725,0.165,0.17,1993100,0.17
2015-12-14,0.165,0.17,0.165,0.165,870900,0.165
2015-12-15,0.165,0.17,0.16,0.16,1290600,0.16
2015-12-16,0.165,0.165,0.16,0.16,122400,0.16
2015-12-17,0.16,0.165,0.16,0.165,482100,0.165
2015-12-18,0.165,0.17,0.16,0.165,755600,0.165
2015-12-21,0.17,0.185,0.167,0.175,8313800,0.175
2015-12-22,0.175,0.185,0.175,0.175,4143200,0.175
2015-12-23,0.18,0.1925,0.175,0.18,6307100,0.18
2015-12-24,0.18,0.185,0.177,0.18,1063000,0.18
2015-12-25,0.18,0.18,0.18,0.18,000,0.18
2015-12-28,0.18,0.18,0.18,0.18,000,0.18
2015-12-29,0.18,0.185,0.18,0.185,1104600,0.185
2015-12-30,0.185,0.19,0.18,0.185,4057500,0.185
2015-12-31,0.185,0.185,0.18,0.18,532000,0.18
2016-01-01,0.18,0.18,0.18,0.18,000,0.18
2016-01-04,0.18,0.19,0.18,0.185,1134200,0.185
2016-01-05,0.19,0.195,0.187,0.195,2113900,0.195
2016-01-06,0.19,0.195,0.185,0.19,1763000,0.19
2016-01-07,0.19,0.19,0.185,0.185,798500,0.185
2016-01-08,0.185,0.185,0.18,0.185,2732600,0.185
2016-01-11,0.18,0.185,0.177,0.18,1045400,0.18
2016-01-12,0.18,0.185,0.18,0.18,1114600,0.18
2016-01-13,0.18,0.185,0.18,0.185,350900,0.185
2016-01-14,0.18,0.18,0.175,0.18,1437600,0.18
2016-01-15,0.18,0.185,0.18,0.18,159100,0.18
2016-01-18,0.18,0.185,0.18,0.185,668000,0.185
2016-01-19,0.185,0.185,0.18,0.185,93400,0.185
2016-01-20,0.185,0.185,0.18,0.18,1343700,0.18
2016-01-21,0.18,0.185,0.18,0.185,1273900,0.185
2016-01-22,0.185,0.19,0.185,0.19,1618800,0.19
2016-01-25,0.19,0.195,0.135,0.135,16144900,0.135
2016-01-26,0.135,0.135,0.135,0.135,000,0.135
2016-01-27,0.125,0.13,0.115,0.12,13077300,0.12
2016-01-28,0.125,0.1425,0.12,0.135,8460500,0.135
2016-01-29,0.14,0.14,0.13,0.13,2575500,0.13
2016-02-01,0.135,0.137,0.125,0.125,2470600,0.125
2016-02-02,0.125,0.135,0.125,0.125,2149600,0.125
2016-02-03,0.125,0.13,0.125,0.125,836200,0.125
2016-02-04,0.13,0.13,0.125,0.125,387800,0.125
2016-02-05,0.13,0.13,0.125,0.125,323700,0.125
2016-02-08,0.13,0.13,0.12,0.12,2424500,0.12
2016-02-09,0.12,0.122,0.115,0.115,2864200,0.115
2016-02-10,0.115,0.12,0.11,0.11,2369900,0.11
2016-02-11,0.11,0.115,0.11,0.11,609400,0.11
2016-02-12,0.11,0.11,0.105,0.105,1679700,0.105
2016-02-15,0.105,0.1075,0.10,0.10,1609600,0.10
2016-02-16,0.105,0.11,0.102,0.105,2310600,0.105
2016-02-17,0.11,0.115,0.11,0.11,2241400,0.11
2016-02-18,0.115,0.115,0.115,0.115,494900,0.115
2016-02-19,0.115,0.115,0.11,0.11,396600,0.11
2016-02-22,0.115,0.115,0.11,0.11,350000,0.11
2016-02-23,0.11,0.1125,0.11,0.11,1244700,0.11
2016-02-24,0.11,0.115,0.11,0.11,1020800,0.11
2016-02-25,0.11,0.11,0.105,0.105,915700,0.105
2016-02-26,0.105,0.105,0.105,0.105,1252300,0.105
2016-02-29,0.11,0.11,0.105,0.105,1198900,0.105
2016-03-01,0.11,0.11,0.105,0.105,587200,0.105
2016-03-02,0.105,0.11,0.105,0.105,619300,0.105
2016-03-03,0.105,0.1225,0.105,0.115,4146100,0.115
2016-03-04,0.115,0.12,0.115,0.12,1824700,0.12
2016-03-07,0.125,0.13,0.125,0.13,1516600,0.13
2016-03-08,0.135,0.14,0.135,0.135,1358500,0.135
2016-03-09,0.14,0.14,0.13,0.13,1867500,0.13
2016-03-10,0.135,0.14,0.13,0.135,967500,0.135
2016-03-11,0.135,0.135,0.13,0.135,623000,0.135
2016-03-14,0.135,0.14,0.13,0.135,233700,0.135
2016-03-15,0.135,0.135,0.13,0.13,270100,0.13
2016-03-16,0.135,0.14,0.135,0.135,486100,0.135
2016-03-17,0.14,0.145,0.135,0.135,3156500,0.135
2016-03-18,0.135,0.137,0.135,0.135,1467500,0.135
2016-03-21,0.135,0.135,0.13,0.13,997400,0.13
2016-03-22,0.13,0.13,0.13,0.13,563100,0.13
2016-03-23,0.13,0.13,0.13,0.13,121100,0.13
2016-03-24,0.13,0.13,0.125,0.13,159500,0.13
2016-03-25,0.13,0.13,0.13,0.13,000,0.13
2016-03-28,0.13,0.13,0.13,0.13,000,0.13
2016-03-29,0.13,0.13,0.125,0.125,345200,0.125
2016-03-30,0.125,0.13,0.125,0.13,137100,0.13
2016-03-31,0.125,0.13,0.125,0.125,147600,0.125
2016-04-01,0.125,0.125,0.12,0.12,744000,0.12
2016-04-04,0.12,0.1225,0.12,0.12,243400,0.12
2016-04-05,0.12,0.12,0.115,0.115,679500,0.115
2016-04-06,0.12,0.12,0.115,0.115,147900,0.115
2016-04-07,0.115,0.117,0.112,0.115,790100,0.115
2016-04-08,0.12,0.125,0.11,0.11,706000,0.11
2016-04-11,0.115,0.12,0.11,0.115,407000,0.115
2016-04-12,0.12,0.12,0.112,0.115,514600,0.115
2016-04-13,0.115,0.12,0.115,0.115,128100,0.115
2016-04-14,0.115,0.12,0.115,0.115,255200,0.115
2016-04-15,0.115,0.12,0.115,0.115,140600,0.115


2016-04-18,0.12,0.12,0.11,0.11,1235800,0.11
2016-04-19,0.11,0.11,0.11,0.11,1581000,0.11
2016-04-20,0.11,0.115,0.11,0.11,476700,0.11
2016-04-21,0.115,0.115,0.11,0.1125,115000,0.1125
2016-04-22,0.115,0.115,0.11,0.112,322900,0.112


2016-04-25,0.112,0.112,0.112,0.112,000,0.112
2016-04-26,0.112,0.115,0.11,0.115,576700,0.115
2016-04-27,0.115,0.1175,0.112,0.1125,241000,0.1125
2016-04-28,0.115,0.115,0.11,0.11,185400,0.11
2016-04-29,0.11,0.1125,0.11,0.11,177200,0.11


2016-05-02,0.11,0.1125,0.11,0.11,258000,0.11
2016-05-03,0.11,0.1125,0.105,0.105,1592600,0.105
2016-05-04,0.105,0.11,0.105,0.105,363000,0.105
2016-05-05,0.11,0.11,0.105,0.105,278200,0.105
2016-05-06,0.105,0.11,0.105,0.105,271000,0.105


2016-05-09,0.105,0.11,0.105,0.105,695100,0.105
2016-05-10,0.105,0.105,0.10,0.10,1342700,0.10
2016-05-11,0.105,0.11,0.102,0.105,589300,0.105
2016-05-12,0.105,0.105,0.105,0.105,341100,0.105
2016-05-13,0.107,0.1075,0.105,0.105,579900,0.105


2016-05-16,0.11,0.11,0.105,0.105,748700,0.105
2016-05-17,0.105,0.105,0.105,0.105,252100,0.105
2016-05-18,0.105,0.105,0.105,0.105,560000,0.105
2016-05-19,0.105,0.11,0.105,0.105,87900,0.105
2016-05-20,0.11,0.11,0.105,0.105,212600,0.105


2016-05-23,0.105,0.115,0.105,0.11,1994500,0.11
2016-05-24,0.11,0.11,0.105,0.105,496400,0.105
2016-05-25,0.105,0.105,0.105,0.105,178900,0.105
2016-05-26,0.11,0.11,0.105,0.105,792600,0.105
2016-05-27,0.11,0.11,0.105,0.105,344900,0.105


2016-05-30,0.105,0.105,0.105,0.105,000,0.105
2016-05-31,0.11,0.11,0.105,0.105,388500,0.105
2016-06-01,0.11,0.11,0.107,0.11,732500,0.11
2016-06-02,0.11,0.112,0.107,0.11,3224200,0.11
2016-06-03,0.11,0.1125,0.107,0.11,2616800,0.11


2016-06-06,0.11,0.11,0.107,0.11,2298500,0.11
2016-06-07,0.11,0.112,0.105,0.105,1170800,0.105
2016-06-08,0.11,0.125,0.11,0.125,1925200,0.125
2016-06-09,0.125,0.13,0.125,0.125,728800,0.125
2016-06-10,0.125,0.125,0.12,0.12,825400,0.12


2016-06-13,0.12,0.12,0.12,0.12,000,0.12
2016-06-14,0.12,0.12,0.115,0.115,654000,0.115
