Date,Open,High,Low,Close,Volume,Adj Close
2015-01-01,5.40,5.40,5.40,5.40,000,4.87235
2015-01-02,5.38,5.38,5.38,5.38,600,4.8543
2015-01-05,5.38,5.38,5.38,5.38,000,4.8543
2015-01-06,5.38,5.38,5.38,5.38,000,4.8543
2015-01-07,5.47,5.55,5.47,5.55,5300,5.00769
2015-01-08,5.50,5.50,5.50,5.50,400,4.96258
2015-01-09,5.50,5.50,5.50,5.50,000,4.96258
2015-01-12,5.50,5.50,5.50,5.50,000,4.96258
2015-01-13,5.50,5.50,5.50,5.50,000,4.96258
2015-01-14,5.50,5.50,5.50,5.50,000,4.96258
2015-01-15,5.50,5.50,5.50,5.50,000,4.96258
2015-01-16,5.50,5.50,5.50,5.50,000,4.96258
2015-01-19,5.50,5.50,5.50,5.50,000,4.96258
2015-01-20,5.50,5.50,5.50,5.50,000,4.96258
2015-01-21,5.50,5.50,5.50,5.50,000,4.96258
2015-01-22,5.50,5.50,5.50,5.50,000,4.96258
2015-01-23,5.50,5.50,5.50,5.50,000,4.96258
2015-01-26,5.50,5.50,5.50,5.50,000,4.96258
2015-01-27,5.50,5.50,5.50,5.50,000,4.96258
2015-01-28,5.45,5.50,5.45,5.50,5000,4.96258
2015-01-29,5.40,5.40,5.40,5.40,1500,4.87235
2015-01-30,5.40,5.40,5.40,5.40,400,4.87235
2015-02-02,5.40,5.40,5.40,5.40,000,4.87235
2015-02-03,5.06,5.06,5.06,5.06,1000,4.56557
2015-02-04,5.40,5.40,5.11,5.11,5300,4.61069
2015-02-05,5.20,5.30,5.12,5.30,58100,4.78212
2015-02-06,5.30,5.30,5.30,5.30,000,4.78212
2015-02-09,5.30,5.30,5.30,5.30,000,4.78212
2015-02-10,5.30,5.30,5.30,5.30,000,4.78212
2015-02-11,5.30,5.30,5.30,5.30,000,4.78212
2015-02-12,5.35,5.35,5.35,5.35,7000,4.82724
2015-02-13,5.30,5.35,5.30,5.35,13900,4.82724
2015-02-16,5.35,5.45,5.35,5.35,17600,4.82724
2015-02-17,5.35,5.35,5.35,5.35,000,4.82724
2015-02-18,5.35,5.35,5.35,5.35,000,4.82724
2015-02-19,5.35,5.49,5.35,5.45,20800,4.91746
2015-02-20,5.45,5.45,5.45,5.45,000,4.91746
2015-02-23,5.50,5.51,5.50,5.50,12000,4.96258
2015-02-24,5.50,5.50,5.50,5.50,2000,4.96258
2015-02-25,5.50,5.58,5.50,5.58,1800,5.03476
2015-02-26,5.58,5.58,5.58,5.58,000,5.03476
2015-02-27,5.58,5.58,5.58,5.58,000,5.03476
2015-03-02,5.59,5.59,5.58,5.58,7900,5.03476
2015-03-03,5.58,5.58,5.58,5.58,000,5.03476
2015-03-04,5.58,5.58,5.50,5.50,1200,4.96258
2015-03-05,5.55,5.55,5.50,5.50,1100,4.96258
2015-03-06,5.50,5.50,5.50,5.50,000,4.96258
2015-03-09,5.50,5.50,5.50,5.50,000,4.96258
2015-03-10,5.50,5.50,5.50,5.50,000,4.96258
2015-03-11,5.50,5.50,5.50,5.50,000,5.12223
2015-03-12,5.50,5.50,5.50,5.50,000,5.12223
2015-03-13,5.50,5.50,5.50,5.50,800,5.12223
2015-03-16,5.45,5.50,5.45,5.50,3300,5.12223
2015-03-17,5.45,5.45,5.45,5.45,1500,5.07567
2015-03-18,5.45,5.45,5.45,5.45,000,5.07567
2015-03-19,5.45,5.45,5.45,5.45,000,5.07567
2015-03-20,5.45,5.45,5.45,5.45,000,5.07567
2015-03-23,5.45,5.45,5.45,5.45,000,5.07567
2015-03-24,5.28,5.28,5.28,5.28,1500,4.91734
2015-03-25,5.27,5.27,5.25,5.25,1900,4.8894
2015-03-26,5.25,5.25,5.25,5.25,000,4.8894
2015-03-27,5.25,5.25,5.25,5.25,1000,4.8894
2015-03-30,5.26,5.26,5.26,5.26,1000,4.89872
2015-03-31,5.45,5.50,5.45,5.50,26400,5.12223
2015-04-01,5.50,5.50,5.50,5.50,000,5.12223
2015-04-02,5.50,5.50,5.50,5.50,000,5.12223
2015-04-03,5.50,5.50,5.50,5.50,000,5.12223
2015-04-06,5.50,5.50,5.50,5.50,000,5.12223
2015-04-07,5.35,5.35,5.35,5.35,2500,4.98254
2015-04-08,5.35,5.35,5.35,5.35,2000,4.98254
2015-04-09,5.28,5.28,5.28,5.28,100,4.91734
2015-04-10,5.31,5.31,5.30,5.30,3900,4.93597
2015-04-13,5.28,5.28,5.25,5.27,17900,4.90803
2015-04-14,5.27,5.27,5.27,5.27,000,4.90803
2015-04-15,5.27,5.27,5.27,5.27,000,4.90803
2015-04-16,5.05,5.05,5.05,5.05,2000,4.70314
2015-04-17,5.08,5.08,5.00,5.00,5100,4.65658
2015-04-20,5.05,5.05,4.97,4.97,5500,4.62864
2015-04-21,5.00,5.00,5.00,5.00,3900,4.65658
2015-04-22,5.01,5.01,5.01,5.01,2100,4.66589
2015-04-23,5.01,5.01,5.01,5.01,000,4.66589
2015-04-24,5.01,5.01,5.01,5.01,000,4.66589
2015-04-27,5.06,5.06,5.00,5.00,4900,4.65658
2015-04-28,5.10,5.10,5.10,5.10,500,4.74971
2015-04-29,5.10,5.10,5.10,5.10,000,4.74971
2015-04-30,5.05,5.05,5.05,5.05,500,4.70314
2015-05-01,5.05,5.05,5.05,5.05,000,4.70314
2015-05-04,5.06,5.10,5.06,5.10,800,4.74971
2015-05-05,5.10,5.10,5.10,5.10,000,4.74971
2015-05-06,5.06,5.06,5.06,5.06,2000,4.71245
2015-05-07,5.06,5.06,5.06,5.06,000,4.71245
2015-05-08,5.06,5.06,5.06,5.06,100,4.71245
2015-05-11,5.10,5.10,5.05,5.05,300,4.70314
2015-05-12,5.05,5.05,5.05,5.05,4800,4.70314
2015-05-13,5.05,5.05,5.00,5.00,2300,4.65658
2015-05-14,5.00,5.00,5.00,5.00,1000,4.65658
2015-05-15,5.00,5.01,5.00,5.01,1800,4.66589
2015-05-18,5.01,5.01,5.01,5.01,000,4.66589
2015-05-19,5.01,5.01,5.00,5.00,70900,4.65658
2015-05-20,4.91,4.91,4.90,4.90,2400,4.56344
2015-05-21,4.85,4.85,4.84,4.84,4500,4.50757
2015-05-22,4.86,4.86,4.86,4.86,3000,4.52619
2015-05-25,4.86,4.86,4.86,4.86,000,4.52619
2015-05-26,5.00,5.00,5.00,5.00,1000,4.65658
2015-05-27,5.01,5.01,5.01,5.01,2000,4.66589
2015-05-28,4.91,4.91,4.91,4.91,1000,4.57276
2015-05-29,4.96,4.96,4.87,4.87,6800,4.5355
2015-06-01,4.87,4.87,4.87,4.87,200,4.5355
2015-06-02,4.87,4.87,4.78,4.80,21400,4.47031
2015-06-03,4.80,4.80,4.78,4.78,700,4.45169
2015-06-04,4.78,4.78,4.78,4.78,1500,4.45169
2015-06-05,5.01,5.01,5.01,5.01,3400,4.66589
2015-06-08,5.01,5.01,5.01,5.01,000,4.66589
2015-06-09,5.01,5.10,5.01,5.10,2900,4.74971
2015-06-10,5.10,5.10,5.10,5.10,000,4.74971
2015-06-11,4.81,4.81,4.81,4.81,2000,4.47963
2015-06-12,4.81,4.81,4.81,4.81,000,4.47963
2015-06-15,4.90,4.90,4.85,4.85,4600,4.51688
2015-06-16,4.90,4.95,4.86,4.90,3000,4.56344
2015-06-17,4.90,4.90,4.90,4.90,000,4.56344
2015-06-18,4.90,4.90,4.90,4.90,000,4.56344
2015-06-19,4.90,4.90,4.85,4.86,6000,4.52619
2015-06-22,5.00,5.00,4.85,4.85,6000,4.51688
2015-06-23,4.85,4.85,4.85,4.85,400,4.51688
2015-06-24,4.90,4.90,4.90,4.90,300,4.56344
2015-06-25,4.90,4.90,4.90,4.90,000,4.56344
2015-06-26,4.85,4.85,4.81,4.81,6800,4.47963
2015-06-29,4.85,4.85,4.85,4.85,4300,4.51688
2015-06-30,4.85,4.85,4.85,4.85,000,4.51688
2015-07-01,4.85,4.85,4.85,4.85,1300,4.51688
2015-07-02,4.85,4.85,4.85,4.85,1000,4.51688
2015-07-03,4.84,4.84,4.81,4.81,6200,4.47963
2015-07-06,4.81,4.81,4.81,4.81,000,4.47963
2015-07-07,4.85,4.85,4.85,4.85,2000,4.51688
2015-07-08,4.81,4.81,4.81,4.81,000,4.47963
2015-07-09,4.81,4.81,4.81,4.81,000,4.47963
2015-07-10,4.81,5.00,4.80,4.80,5000,4.47031
2015-07-13,4.80,4.80,4.80,4.80,000,4.47031
2015-07-14,4.80,4.80,4.80,4.80,100,4.47031
2015-07-15,4.80,4.80,4.80,4.80,000,4.47031
2015-07-16,4.80,4.80,4.80,4.80,000,4.47031
2015-07-17,4.80,4.80,4.80,4.80,000,4.47031
2015-07-20,4.82,4.82,4.82,4.82,600,4.48894
2015-07-21,4.80,4.80,4.80,4.80,9800,4.47031
2015-07-22,4.81,4.81,4.80,4.81,30500,4.47963
2015-07-23,4.81,4.81,4.81,4.81,000,4.47963
2015-07-24,4.81,4.81,4.81,4.81,000,4.47963
2015-07-27,4.81,4.81,4.81,4.81,000,4.47963
2015-07-28,4.81,4.81,4.81,4.81,000,4.47963
2015-07-29,4.81,4.81,4.81,4.81,000,4.47963
2015-07-30,4.81,4.81,4.81,4.81,000,4.47963
2015-07-31,4.81,4.81,4.81,4.81,000,4.47963
2015-08-03,4.84,4.84,4.83,4.83,300,4.49825
2015-08-04,4.84,4.84,4.82,4.82,5100,4.48894
2015-08-05,4.83,4.83,4.83,4.83,000,4.49825
2015-08-06,4.83,4.83,4.80,4.80,17200,4.47031
2015-08-07,4.80,4.80,4.80,4.80,5000,4.47031
2015-08-10,4.80,4.80,4.80,4.80,20000,4.47031
2015-08-11,4.80,4.80,4.80,4.80,000,4.47031
2015-08-12,4.80,4.80,4.80,4.80,000,4.47031
2015-08-13,4.80,4.80,4.80,4.80,000,4.47031
2015-08-14,4.85,4.85,4.85,4.85,500,4.51688
2015-08-17,4.85,4.85,4.85,4.85,000,4.51688
2015-08-18,4.80,4.80,4.80,4.80,40000,4.47031
2015-08-19,4.80,4.80,4.80,4.80,7200,4.47031
2015-08-20,4.78,4.78,4.78,4.78,1200,4.45169
2015-08-21,4.72,4.72,4.72,4.72,2100,4.39581
2015-08-24,4.80,4.95,4.80,4.81,7000,4.47963
2015-08-25,4.81,4.81,4.81,4.81,000,4.47963
2015-08-26,4.81,4.81,4.81,4.81,2900,4.47963
2015-08-27,4.95,4.95,4.95,4.95,1000,4.61001
2015-08-28,4.95,4.95,4.95,4.95,200,4.61001
2015-08-31,4.95,4.95,4.95,4.95,000,4.61001
2015-09-01,4.81,4.81,4.81,4.81,1400,4.47963
2015-09-02,4.81,4.81,4.81,4.81,000,4.65953
2015-09-03,4.81,4.81,4.81,4.81,000,4.65953
2015-09-04,4.81,4.81,4.81,4.81,000,4.65953
2015-09-07,4.46,4.46,4.46,4.46,300,4.32048
2015-09-08,4.47,4.47,4.47,4.47,279400,4.33017
2015-09-09,4.50,4.50,4.50,4.50,1000,4.35923
2015-09-10,4.56,4.59,4.56,4.59,1500,4.44641
2015-09-11,4.59,4.59,4.59,4.59,000,4.44641
2015-09-14,4.59,4.59,4.59,4.59,000,4.44641
2015-09-15,4.59,4.59,4.59,4.59,000,4.44641
2015-09-16,4.53,4.53,4.53,4.53,700,4.38829
2015-09-17,4.59,4.65,4.59,4.65,3000,4.50454
2015-09-18,4.60,4.61,4.60,4.61,3500,4.46579
2015-09-21,4.60,4.60,4.60,4.60,1100,4.4561
2015-09-22,4.60,4.60,4.59,4.59,2000,4.44641
2015-09-23,4.59,4.59,4.59,4.59,1500,4.44641
2015-09-24,4.59,4.59,4.59,4.59,700,4.44641
2015-09-25,4.59,4.59,4.59,4.59,000,4.44641
2015-09-28,4.60,4.60,4.60,4.60,4000,4.4561
2015-09-29,4.59,4.59,4.59,4.59,900,4.44641
2015-09-30,4.61,4.62,4.61,4.62,9400,4.47547
2015-10-01,4.62,4.75,4.62,4.75,3000,4.60141
2015-10-02,4.62,4.62,4.62,4.62,400,4.47547
2015-10-05,4.63,4.63,4.62,4.62,1500,4.47547
2015-10-06,4.70,4.70,4.70,4.70,2300,4.55297
2015-10-07,4.70,4.70,4.70,4.70,000,4.55297
2015-10-08,4.75,4.75,4.75,4.75,2700,4.60141
2015-10-09,4.75,4.75,4.75,4.75,000,4.60141
2015-10-12,4.75,4.75,4.75,4.75,000,4.60141
2015-10-13,4.65,4.69,4.65,4.69,400,4.54328
2015-10-14,4.69,4.70,4.69,4.70,2800,4.55297
2015-10-15,4.70,4.70,4.66,4.66,9000,4.51422
2015-10-16,4.69,4.73,4.69,4.73,2000,4.58203
2015-10-19,4.74,4.74,4.74,4.74,000,4.59172
2015-10-20,4.74,4.74,4.74,4.74,000,4.59172
2015-10-21,4.74,4.74,4.74,4.74,000,4.59172
2015-10-22,4.74,4.74,4.74,4.74,000,4.59172
2015-10-23,4.74,4.74,4.74,4.74,000,4.59172
2015-10-26,4.74,4.74,4.74,4.74,000,4.59172
2015-10-27,4.74,4.74,4.74,4.74,000,4.59172
2015-10-28,4.74,4.74,4.74,4.74,000,4.59172
2015-10-29,4.74,4.74,4.74,4.74,000,4.59172
2015-10-30,4.74,4.74,4.72,4.74,12200,4.59172
2015-11-02,4.74,4.74,4.74,4.74,000,4.59172
2015-11-03,4.74,4.74,4.74,4.74,000,4.59172
2015-11-04,4.67,4.68,4.67,4.68,300,4.5336
2015-11-05,4.67,4.67,4.67,4.67,200,4.52391
2015-11-06,4.67,4.67,4.67,4.67,000,4.52391
2015-11-09,4.67,4.67,4.67,4.67,000,4.52391
2015-11-10,4.67,4.67,4.67,4.67,000,4.52391
2015-11-11,4.67,4.67,4.67,4.67,000,4.52391
2015-11-12,4.67,4.67,4.67,4.67,000,4.52391
2015-11-13,4.55,4.55,4.55,4.55,900,4.40766
2015-11-16,4.55,4.55,4.55,4.55,000,4.40766
2015-11-17,4.55,4.55,4.55,4.55,000,4.40766
2015-11-18,4.55,4.55,4.55,4.55,000,4.40766
2015-11-19,4.60,4.60,4.60,4.60,5200,4.4561
2015-11-20,4.60,4.60,4.60,4.60,000,4.4561
2015-11-23,4.66,4.67,4.65,4.65,16600,4.50454
2015-11-24,4.66,4.66,4.66,4.66,3000,4.51422
2015-11-25,4.66,4.66,4.66,4.66,000,4.51422
2015-11-26,4.66,4.66,4.66,4.66,000,4.51422
2015-11-27,4.66,4.66,4.66,4.66,000,4.51422
2015-11-30,4.66,4.66,4.62,4.62,5400,4.47547
2015-12-01,4.75,4.75,4.65,4.65,200,4.50454
2015-12-02,4.65,4.65,4.65,4.65,500,4.50454
2015-12-03,4.65,4.65,4.65,4.65,300,4.50454
2015-12-04,4.65,4.65,4.65,4.65,800,4.50454
2015-12-07,4.65,4.65,4.65,4.65,000,4.50454
2015-12-08,4.80,4.80,4.80,4.80,600,4.64984
2015-12-09,4.80,4.80,4.80,4.80,000,4.64984
2015-12-10,4.80,4.80,4.80,4.80,5200,4.64984
2015-12-11,4.81,4.81,4.80,4.80,3400,4.64984
2015-12-14,4.82,4.82,4.70,4.70,1300,4.55297
2015-12-15,4.70,4.70,4.70,4.70,000,4.55297
2015-12-16,4.70,4.70,4.70,4.70,000,4.55297
2015-12-17,4.70,4.70,4.70,4.70,000,4.55297
2015-12-18,4.70,4.70,4.70,4.70,000,4.55297
2015-12-21,4.70,4.70,4.70,4.70,000,4.55297
2015-12-22,4.70,4.70,4.70,4.70,300,4.55297
2015-12-23,4.70,4.70,4.70,4.70,000,4.55297
2015-12-24,4.85,4.85,4.85,4.85,2000,4.69828
2015-12-25,4.85,4.85,4.85,4.85,000,4.69828
2015-12-28,4.85,4.85,4.85,4.85,000,4.69828
2015-12-29,4.85,4.90,4.85,4.90,2200,4.74672
2015-12-30,4.92,4.92,4.92,4.92,2800,4.76609
2015-12-31,4.92,4.92,4.92,4.92,000,4.76609
2016-01-01,4.92,4.92,4.92,4.92,000,4.76609
2016-01-04,4.92,4.92,4.92,4.92,000,4.76609
2016-01-05,4.92,4.92,4.92,4.92,000,4.76609
2016-01-06,4.91,4.91,4.91,4.91,000,4.7564
2016-01-07,4.91,4.91,4.91,4.91,000,4.7564
2016-01-08,4.91,4.91,4.91,4.91,000,4.7564
2016-01-11,4.91,4.91,4.91,4.91,000,4.7564
2016-01-12,4.91,4.91,4.91,4.91,000,4.7564
2016-01-13,4.91,4.91,4.91,4.91,000,4.7564
2016-01-14,4.91,4.91,4.91,4.91,000,4.7564
2016-01-15,4.91,4.91,4.91,4.91,000,4.7564
2016-01-18,4.90,4.90,4.90,4.90,100,4.74672
2016-01-19,4.90,4.90,4.67,4.67,4200,4.52391
2016-01-20,4.70,4.71,4.70,4.71,4500,4.56266
2016-01-21,4.71,4.71,4.71,4.71,000,4.56266
2016-01-22,4.71,4.71,4.71,4.71,000,4.56266
2016-01-25,4.71,4.71,4.71,4.71,000,4.56266
2016-01-26,4.71,4.71,4.71,4.71,000,4.56266
2016-01-27,4.72,4.73,4.72,4.73,5200,4.58203
2016-01-28,4.72,4.72,4.71,4.71,2300,4.56266
2016-01-29,4.71,4.71,4.71,4.71,000,4.56266
2016-02-01,4.80,4.85,4.80,4.85,12600,4.69828
2016-02-02,4.85,4.85,4.85,4.85,000,4.69828
2016-02-03,4.85,4.85,4.85,4.85,000,4.69828
2016-02-04,4.72,4.72,4.72,4.72,2200,4.57235
2016-02-05,4.80,4.80,4.80,4.80,200,4.64984
2016-02-08,4.80,4.80,4.80,4.80,000,4.64984
2016-02-09,4.72,4.72,4.71,4.71,2500,4.56266
2016-02-10,4.71,4.71,4.71,4.71,000,4.56266
2016-02-11,4.71,4.71,4.71,4.71,000,4.56266
2016-02-12,4.75,4.75,4.71,4.71,12600,4.56266
2016-02-15,4.71,4.71,4.71,4.71,000,4.56266
2016-02-16,4.71,4.71,4.71,4.71,000,4.56266
2016-02-17,4.78,5.02,4.78,5.02,16100,4.86296
2016-02-18,5.02,5.02,5.02,5.02,000,4.86296
2016-02-19,5.22,5.30,5.22,5.30,9700,5.1342
2016-02-22,5.30,5.30,5.30,5.30,000,5.1342
2016-02-23,5.30,5.30,5.27,5.27,3000,5.10514
2016-02-24,5.30,5.30,5.24,5.24,6300,5.07608
2016-02-25,5.24,5.24,5.24,5.24,2300,5.07608
2016-02-26,5.39,5.39,5.39,5.39,100,5.22139
2016-02-29,5.39,5.39,5.39,5.39,000,5.22139
2016-03-01,5.71,5.89,5.60,5.60,5600,5.42482
2016-03-02,5.66,5.66,5.62,5.62,500,5.44419
2016-03-03,5.60,5.60,5.60,5.60,100,5.42482
2016-03-04,5.70,5.70,5.70,5.70,3500,5.52169
2016-03-07,5.70,5.70,5.70,5.70,000,5.52169
2016-03-08,5.70,5.70,5.70,5.70,000,5.52169
2016-03-09,5.60,5.60,5.48,5.48,200,5.30857
2016-03-10,5.48,5.48,5.48,5.48,000,5.48
2016-03-11,5.48,5.48,5.48,5.48,000,5.48
2016-03-14,5.00,5.00,5.00,5.00,3900,5.00
2016-03-15,5.00,5.00,5.00,5.00,200,5.00
2016-03-16,5.02,5.02,5.02,5.02,600,5.02
2016-03-17,5.02,5.02,5.02,5.02,000,5.02
2016-03-18,5.10,5.10,5.02,5.02,3900,5.02
2016-03-21,5.01,5.02,5.01,5.01,3600,5.01
2016-03-22,5.01,5.01,5.01,5.01,000,5.01
2016-03-23,5.01,5.01,5.01,5.01,000,5.01
2016-03-24,5.01,5.01,5.01,5.01,000,5.01
2016-03-25,5.01,5.01,5.01,5.01,000,5.01
2016-03-28,5.01,5.01,5.01,5.01,000,5.01
2016-03-29,5.02,5.02,5.02,5.02,000,5.02
2016-03-30,5.02,5.02,5.00,5.00,3800,5.00
2016-03-31,5.02,5.02,5.02,5.02,3000,5.02
2016-04-01,5.02,5.03,5.02,5.02,7900,5.02
2016-04-04,5.02,5.02,5.02,5.02,000,5.02
2016-04-05,5.02,5.02,5.02,5.02,000,5.02
2016-04-06,5.02,5.02,5.02,5.02,000,5.02
2016-04-07,5.02,5.02,5.02,5.02,000,5.02
2016-04-08,5.02,5.02,5.02,5.02,300,5.02
2016-04-11,5.02,5.02,5.02,5.02,000,5.02
2016-04-12,5.02,5.02,5.02,5.02,000,5.02
2016-04-13,5.02,5.02,5.02,5.02,000,5.02
2016-04-14,5.02,5.02,5.02,5.02,000,5.02
2016-04-15,5.05,5.05,5.05,5.05,2000,5.05


2016-04-18,5.02,5.02,5.02,5.02,100,5.02
2016-04-19,5.02,5.02,4.99,4.99,8800,4.99
2016-04-20,5.03,5.03,5.03,5.03,3500,5.03
2016-04-21,5.03,5.03,5.03,5.03,1100,5.03
2016-04-22,4.90,4.90,4.81,4.81,10800,4.81


2016-04-25,4.81,4.81,4.81,4.81,000,4.81
2016-04-26,4.81,4.81,4.81,4.81,000,4.81
2016-04-27,5.00,5.02,5.00,5.02,11300,5.02
2016-04-28,4.90,4.96,4.90,4.96,6700,4.96
2016-04-29,4.95,5.00,4.95,5.00,8100,5.00


2016-05-02,4.99,4.99,4.99,4.99,1000,4.99
2016-05-03,4.99,4.99,4.99,4.99,000,4.99
2016-05-04,4.99,4.99,4.99,4.99,000,4.99
2016-05-05,5.01,5.01,4.99,4.99,3300,4.99
2016-05-06,4.99,4.99,4.99,4.99,000,4.99


2016-05-09,4.99,4.99,4.99,4.99,000,4.99
2016-05-10,4.99,4.99,4.99,4.99,000,4.99
2016-05-11,5.01,5.01,5.01,5.01,700,5.01
2016-05-12,5.02,5.02,5.01,5.01,1000,5.01
2016-05-13,5.01,5.01,5.01,5.01,000,5.01


2016-05-16,5.01,5.01,5.01,5.01,2400,5.01
2016-05-17,5.00,5.00,5.00,5.00,1500,5.00
2016-05-18,5.01,5.01,5.00,5.00,4000,5.00
2016-05-19,5.00,5.00,5.00,5.00,4000,5.00
2016-05-20,5.02,5.05,5.02,5.05,2300,5.05


2016-05-23,5.05,5.05,5.05,5.05,900,5.05
2016-05-24,5.05,5.05,5.05,5.05,000,5.05
2016-05-25,5.10,5.10,5.03,5.03,2000,5.03
2016-05-26,5.03,5.03,5.02,5.02,10000,5.02
2016-05-27,4.99,5.05,4.99,5.05,10500,5.05


2016-05-30,5.05,5.05,5.00,5.00,6900,5.00
2016-05-31,5.05,5.05,5.05,5.05,4000,5.05
2016-06-01,5.05,5.05,5.05,5.05,000,5.05
2016-06-02,5.05,5.05,5.05,5.05,000,5.05
2016-06-03,5.05,5.05,5.05,5.05,000,5.05


2016-06-06,5.05,5.05,5.05,5.05,1900,5.05
2016-06-07,5.05,5.05,5.05,5.05,000,5.05
2016-06-08,5.05,5.05,5.05,5.05,1000,5.05
2016-06-09,5.05,5.05,5.05,5.05,1000,5.05
2016-06-10,5.05,5.05,5.05,5.05,000,5.05


2016-06-13,5.05,5.05,5.05,5.05,000,5.05
2016-06-14,5.10,5.10,5.05,5.05,10600,5.05
