Date,Open,High,Low,Close,Volume,Adj Close
2015-01-01,0.038,0.038,0.038,0.038,000,0.038
2015-01-02,0.038,0.038,0.038,0.038,000,0.038
2015-01-05,0.038,0.038,0.038,0.038,000,0.038
2015-01-06,0.038,0.038,0.038,0.038,000,0.038
2015-01-07,0.038,0.038,0.038,0.038,000,0.038
2015-01-08,0.038,0.038,0.038,0.038,1000,0.038
2015-01-09,0.038,0.038,0.038,0.038,000,0.038
2015-01-12,0.038,0.038,0.038,0.038,000,0.038
2015-01-13,0.038,0.038,0.038,0.038,109000,0.038
2015-01-14,0.039,0.04,0.039,0.04,204200,0.04
2015-01-15,0.04,0.04,0.04,0.04,4300,0.04
2015-01-16,0.041,0.041,0.041,0.041,13600,0.041
2015-01-19,0.041,0.041,0.041,0.041,70700,0.041
2015-01-20,0.042,0.042,0.042,0.042,9200,0.042
2015-01-21,0.043,0.043,0.043,0.043,90000,0.043
2015-01-22,0.042,0.042,0.042,0.042,14300,0.042
2015-01-23,0.042,0.042,0.042,0.042,000,0.042
2015-01-26,0.042,0.042,0.042,0.042,000,0.042
2015-01-27,0.042,0.042,0.042,0.042,000,0.042
2015-01-28,0.042,0.042,0.042,0.042,000,0.042
2015-01-29,0.042,0.042,0.042,0.042,000,0.042
2015-01-30,0.042,0.042,0.042,0.042,000,0.042
2015-02-02,0.042,0.042,0.042,0.042,000,0.042
2015-02-03,0.041,0.041,0.04,0.04,115600,0.04
2015-02-04,0.04,0.041,0.04,0.041,700,0.041
2015-02-05,0.042,0.042,0.042,0.042,400000,0.042
2015-02-06,0.042,0.042,0.042,0.042,000,0.042
2015-02-09,0.042,0.042,0.042,0.042,000,0.042
2015-02-10,0.042,0.042,0.042,0.042,000,0.042
2015-02-11,0.042,0.042,0.042,0.042,000,0.042
2015-02-12,0.042,0.042,0.042,0.042,100000,0.042
2015-02-13,0.042,0.042,0.042,0.042,000,0.042
2015-02-16,0.042,0.042,0.042,0.042,000,0.042
2015-02-17,0.041,0.041,0.041,0.041,2500,0.041
2015-02-18,0.041,0.041,0.04,0.04,100000,0.04
2015-02-19,0.041,0.041,0.041,0.041,13700,0.041
2015-02-20,0.041,0.041,0.041,0.041,000,0.041
2015-02-23,0.041,0.041,0.041,0.041,13000,0.041
2015-02-24,0.041,0.041,0.041,0.041,000,0.041
2015-02-25,0.041,0.041,0.041,0.041,800,0.041
2015-02-26,0.041,0.041,0.041,0.041,000,0.041
2015-02-27,0.041,0.041,0.041,0.041,14500,0.041
2015-03-02,0.041,0.041,0.041,0.041,1201500,0.041
2015-03-03,0.041,0.041,0.041,0.041,000,0.041
2015-03-04,0.041,0.041,0.041,0.041,000,0.041
2015-03-05,0.041,0.041,0.041,0.041,000,0.041
2015-03-06,0.041,0.041,0.041,0.041,000,0.041
2015-03-09,0.041,0.041,0.041,0.041,000,0.041
2015-03-10,0.041,0.041,0.041,0.041,1072800,0.041
2015-03-11,0.041,0.041,0.041,0.041,000,0.041
2015-03-12,0.042,0.042,0.041,0.041,100000,0.041
2015-03-13,0.041,0.041,0.041,0.041,000,0.041
2015-03-16,0.041,0.041,0.041,0.041,000,0.041
2015-03-17,0.041,0.041,0.041,0.041,277100,0.041
2015-03-18,0.041,0.041,0.041,0.041,29300,0.041
2015-03-19,0.041,0.041,0.041,0.041,000,0.041
2015-03-20,0.041,0.041,0.041,0.041,31000,0.041
2015-03-23,0.041,0.041,0.041,0.041,000,0.041
2015-03-24,0.041,0.041,0.041,0.041,000,0.041
2015-03-25,0.041,0.041,0.041,0.041,33600,0.041
2015-03-26,0.041,0.041,0.041,0.041,000,0.041
2015-03-27,0.041,0.041,0.041,0.041,75000,0.041
2015-03-30,0.041,0.041,0.041,0.041,30000,0.041
2015-03-31,0.041,0.041,0.04,0.041,132700,0.041
2015-04-01,0.041,0.041,0.041,0.041,24000,0.041
2015-04-02,0.041,0.041,0.041,0.041,000,0.041
2015-04-03,0.041,0.041,0.041,0.041,000,0.041
2015-04-06,0.041,0.041,0.041,0.041,000,0.041
2015-04-07,0.042,0.042,0.042,0.042,10300,0.042
2015-04-08,0.042,0.042,0.041,0.041,116300,0.041
2015-04-09,0.041,0.041,0.041,0.041,000,0.041
2015-04-10,0.041,0.041,0.041,0.041,000,0.041
2015-04-13,0.041,0.041,0.041,0.041,000,0.041
2015-04-14,0.041,0.041,0.041,0.041,2000,0.041
2015-04-15,0.041,0.041,0.041,0.041,5000,0.041
2015-04-16,0.041,0.041,0.041,0.041,000,0.041
2015-04-17,0.041,0.041,0.041,0.041,156800,0.041
2015-04-20,0.041,0.041,0.041,0.041,170600,0.041
2015-04-21,0.041,0.041,0.041,0.041,000,0.041
2015-04-22,0.041,0.041,0.041,0.041,000,0.041
2015-04-23,0.041,0.041,0.039,0.039,392000,0.039
2015-04-24,0.039,0.039,0.039,0.039,000,0.039
2015-04-27,0.039,0.039,0.039,0.039,000,0.039
2015-04-28,0.039,0.039,0.039,0.039,000,0.039
2015-04-29,0.039,0.039,0.038,0.038,210000,0.038
2015-04-30,0.038,0.038,0.037,0.037,110000,0.037
2015-05-01,0.037,0.037,0.037,0.037,4300,0.037
2015-05-04,0.037,0.037,0.037,0.037,65000,0.037
2015-05-05,0.037,0.037,0.037,0.037,4300,0.037
2015-05-06,0.037,0.04,0.037,0.04,56000,0.04
2015-05-07,0.04,0.04,0.04,0.04,000,0.04
2015-05-08,0.037,0.037,0.036,0.036,3000,0.036
2015-05-11,0.036,0.036,0.036,0.036,000,0.036
2015-05-12,0.037,0.04,0.036,0.037,427900,0.037
2015-05-13,0.038,0.038,0.038,0.038,9000,0.038
2015-05-14,0.04,0.04,0.04,0.04,190900,0.04
2015-05-15,0.04,0.04,0.04,0.04,000,0.04
2015-05-18,0.04,0.04,0.04,0.04,133000,0.04
2015-05-19,0.04,0.04,0.04,0.04,35000,0.04
2015-05-20,0.04,0.04,0.039,0.039,276800,0.039
2015-05-21,0.039,0.039,0.039,0.039,8800,0.039
2015-05-22,0.039,0.039,0.039,0.039,000,0.039
2015-05-25,0.039,0.039,0.039,0.039,000,0.039
2015-05-26,0.04,0.04,0.04,0.04,25300,0.04
2015-05-27,0.042,0.043,0.042,0.043,31400,0.043
2015-05-28,0.044,0.044,0.044,0.044,3700,0.044
2015-05-29,0.044,0.044,0.044,0.044,000,0.044
2015-06-01,0.044,0.044,0.044,0.044,000,0.044
2015-06-02,0.043,0.043,0.04,0.04,60500,0.04
2015-06-03,0.042,0.042,0.042,0.042,68000,0.042
2015-06-04,0.042,0.042,0.042,0.042,52000,0.042
2015-06-05,0.041,0.041,0.04,0.04,1049400,0.04
2015-06-08,0.04,0.04,0.04,0.04,000,0.04
2015-06-09,0.038,0.038,0.035,0.037,2489900,0.037
2015-06-10,0.038,0.038,0.038,0.038,64900,0.038
2015-06-11,0.039,0.04,0.039,0.04,26200,0.04
2015-06-12,0.039,0.039,0.038,0.038,255000,0.038
2015-06-15,0.038,0.04,0.038,0.038,70800,0.038
2015-06-16,0.038,0.039,0.038,0.039,165000,0.039
2015-06-17,0.039,0.04,0.039,0.04,99500,0.04
2015-06-18,0.037,0.037,0.037,0.037,7000,0.037
2015-06-19,0.037,0.037,0.037,0.037,27800,0.037
2015-06-22,0.037,0.037,0.037,0.037,62500,0.037
2015-06-23,0.037,0.037,0.037,0.037,57000,0.037
2015-06-24,0.038,0.04,0.037,0.037,92600,0.037
2015-06-25,0.037,0.037,0.037,0.037,12300,0.037
2015-06-26,0.038,0.038,0.037,0.037,57900,0.037
2015-06-29,0.037,0.038,0.037,0.037,75400,0.037
2015-06-30,0.05,0.051,0.046,0.049,1742100,0.049
2015-07-01,0.049,0.052,0.048,0.048,1236000,0.048
2015-07-02,0.05,0.05,0.05,0.05,3435400,0.05
2015-07-03,0.05,0.05,0.05,0.05,500000,0.05
2015-07-06,0.05,0.05,0.05,0.05,946900,0.05
2015-07-07,0.05,0.05,0.05,0.05,000,0.05
2015-07-08,0.05,0.051,0.05,0.051,53000,0.051
2015-07-09,0.05,0.05,0.05,0.05,101000,0.05
2015-07-10,0.049,0.049,0.049,0.049,4300,0.049
2015-07-13,0.05,0.05,0.05,0.05,442200,0.05
2015-07-14,0.05,0.05,0.05,0.05,10500,0.05
2015-07-15,0.05,0.05,0.05,0.05,000,0.05
2015-07-16,0.05,0.05,0.05,0.05,000,0.05
2015-07-17,0.05,0.05,0.05,0.05,740000,0.05
2015-07-20,0.051,0.051,0.051,0.051,20000,0.051
2015-07-21,0.051,0.052,0.051,0.052,179900,0.052
2015-07-22,0.052,0.052,0.052,0.052,10000,0.052
2015-07-23,0.052,0.052,0.052,0.052,17000,0.052
2015-07-24,0.052,0.052,0.051,0.051,71400,0.051
2015-07-27,0.052,0.052,0.052,0.052,726300,0.052
2015-07-28,0.052,0.052,0.052,0.052,5000,0.052
2015-07-29,0.052,0.052,0.052,0.052,000,0.052
2015-07-30,0.052,0.053,0.052,0.053,62300,0.053
2015-07-31,0.052,0.052,0.051,0.051,444900,0.051
2015-08-03,0.052,0.052,0.052,0.052,7500,0.052
2015-08-04,0.053,0.053,0.053,0.053,292500,0.053
2015-08-05,0.052,0.052,0.052,0.052,4300,0.052
2015-08-06,0.052,0.052,0.052,0.052,76000,0.052
2015-08-07,0.052,0.052,0.052,0.052,50000,0.052
2015-08-10,0.053,0.053,0.052,0.052,162200,0.052
2015-08-11,0.052,0.052,0.052,0.052,3200,0.052
2015-08-12,0.052,0.052,0.052,0.052,000,0.052
2015-08-13,0.052,0.052,0.052,0.052,10000,0.052
2015-08-14,0.052,0.052,0.052,0.052,4300,0.052
2015-08-17,0.053,0.053,0.053,0.053,222400,0.053
2015-08-18,0.053,0.053,0.052,0.052,106000,0.052
2015-08-19,0.052,0.052,0.052,0.052,000,0.052
2015-08-20,0.052,0.052,0.052,0.052,414600,0.052
2015-08-21,0.052,0.052,0.052,0.052,100000,0.052
2015-08-24,0.051,0.051,0.05,0.05,200000,0.05
2015-08-25,0.05,0.05,0.05,0.05,41000,0.05
2015-08-26,0.052,0.053,0.051,0.053,856300,0.053
2015-08-27,0.053,0.053,0.052,0.052,1986000,0.052
2015-08-28,0.052,0.052,0.052,0.052,000,0.052
2015-08-31,0.052,0.052,0.052,0.052,000,0.052
2015-09-01,0.051,0.051,0.051,0.051,10000,0.051
2015-09-02,0.051,0.051,0.051,0.051,000,0.051
2015-09-03,0.051,0.051,0.051,0.051,000,0.051
2015-09-04,0.051,0.051,0.05,0.05,146300,0.05
2015-09-07,0.05,0.05,0.05,0.05,249700,0.05
2015-09-08,0.05,0.05,0.05,0.05,000,0.05
2015-09-09,0.049,0.049,0.049,0.049,325100,0.049
2015-09-10,0.049,0.049,0.049,0.049,000,0.049
2015-09-11,0.049,0.049,0.049,0.049,20000,0.049
2015-09-14,0.049,0.049,0.049,0.049,000,0.049
2015-09-15,0.049,0.049,0.049,0.049,000,0.049
2015-09-16,0.049,0.049,0.049,0.049,000,0.049
2015-09-17,0.049,0.049,0.049,0.049,000,0.049
2015-09-18,0.049,0.049,0.049,0.049,000,0.049
2015-09-21,0.049,0.049,0.049,0.049,23000,0.049
2015-09-22,0.049,0.049,0.049,0.049,000,0.049
2015-09-23,0.049,0.049,0.049,0.049,000,0.049
2015-09-24,0.049,0.049,0.049,0.049,33900,0.049
2015-09-25,0.049,0.049,0.049,0.049,000,0.049
2015-09-28,0.049,0.049,0.049,0.049,10200,0.049
2015-09-29,0.049,0.049,0.049,0.049,20000,0.049
2015-09-30,0.049,0.049,0.049,0.049,000,0.049
2015-10-01,0.049,0.049,0.049,0.049,2100,0.049
2015-10-02,0.049,0.049,0.049,0.049,215000,0.049
2015-10-05,0.049,0.049,0.049,0.049,47100,0.049
2015-10-06,0.049,0.049,0.049,0.049,1600,0.049
2015-10-07,0.049,0.049,0.049,0.049,97500,0.049
2015-10-08,0.049,0.049,0.049,0.049,000,0.049
2015-10-09,0.049,0.049,0.049,0.049,5000,0.049
2015-10-12,0.049,0.049,0.049,0.049,7100,0.049
2015-10-13,0.049,0.049,0.049,0.049,000,0.049
2015-10-14,0.049,0.049,0.049,0.049,000,0.049
2015-10-15,0.049,0.049,0.049,0.049,000,0.049
2015-10-16,0.052,0.053,0.052,0.053,91400,0.053
2015-10-19,0.053,0.053,0.053,0.053,40000,0.053
2015-10-20,0.053,0.053,0.053,0.053,000,0.053
2015-10-21,0.049,0.049,0.049,0.049,3500,0.049
2015-10-22,0.049,0.049,0.049,0.049,7100,0.049
2015-10-23,0.049,0.049,0.049,0.049,000,0.049
2015-10-26,0.049,0.049,0.049,0.049,40000,0.049
2015-10-27,0.049,0.049,0.049,0.049,000,0.049
2015-10-28,0.049,0.049,0.049,0.049,75000,0.049
2015-10-29,0.049,0.049,0.049,0.049,000,0.049
2015-10-30,0.049,0.049,0.049,0.049,000,0.049
2015-11-02,0.049,0.049,0.049,0.049,3000,0.049
2015-11-03,0.049,0.049,0.049,0.049,000,0.049
2015-11-04,0.049,0.049,0.049,0.049,000,0.049
2015-11-05,0.049,0.049,0.049,0.049,000,0.049
2015-11-06,0.049,0.049,0.049,0.049,000,0.049
2015-11-09,0.049,0.049,0.049,0.049,000,0.049
2015-11-10,0.049,0.049,0.049,0.049,000,0.049
2015-11-11,0.049,0.049,0.049,0.049,20000,0.049
2015-11-12,0.049,0.049,0.049,0.049,166800,0.049
2015-11-13,0.048,0.048,0.048,0.048,33100,0.048
2015-11-16,0.048,0.048,0.048,0.048,000,0.048
2015-11-17,0.048,0.048,0.048,0.048,15100,0.048
2015-11-18,0.048,0.048,0.048,0.048,000,0.048
2015-11-19,0.048,0.048,0.048,0.048,10600,0.048
2015-11-20,0.048,0.048,0.047,0.048,208700,0.048
2015-11-23,0.048,0.048,0.048,0.048,000,0.048
2015-11-24,0.048,0.048,0.048,0.048,29500,0.048
2015-11-25,0.048,0.048,0.048,0.048,000,0.048
2015-11-26,0.048,0.048,0.048,0.048,3800,0.048
2015-11-27,0.048,0.048,0.048,0.048,000,0.048
2015-11-30,0.048,0.048,0.048,0.048,000,0.048
2015-12-01,0.048,0.048,0.048,0.048,000,0.048
2015-12-02,0.048,0.048,0.048,0.048,000,0.048
2015-12-03,0.048,0.048,0.048,0.048,000,0.048
2015-12-04,0.048,0.048,0.048,0.048,000,0.048
2015-12-07,0.048,0.048,0.048,0.048,74300,0.048
2015-12-08,0.048,0.048,0.048,0.048,000,0.048
2015-12-09,0.048,0.049,0.048,0.049,78600,0.049
2015-12-10,0.048,0.048,0.048,0.048,72100,0.048
2015-12-11,0.048,0.048,0.048,0.048,000,0.048
2015-12-14,0.05,0.05,0.05,0.05,7000,0.05
2015-12-15,0.052,0.055,0.052,0.055,1257800,0.055
2015-12-16,0.055,0.055,0.053,0.055,415800,0.055
2015-12-17,0.055,0.055,0.055,0.055,000,0.055
2015-12-18,0.055,0.055,0.055,0.055,000,0.055
2015-12-21,0.055,0.055,0.055,0.055,000,0.055
2015-12-22,0.055,0.055,0.055,0.055,74100,0.055
2015-12-23,0.055,0.055,0.055,0.055,000,0.055
2015-12-24,0.055,0.055,0.055,0.055,000,0.055
2015-12-25,0.055,0.055,0.055,0.055,000,0.055
2015-12-28,0.055,0.055,0.055,0.055,000,0.055
2015-12-29,0.055,0.055,0.055,0.055,000,0.055
2015-12-30,0.055,0.055,0.055,0.055,000,0.055
2015-12-31,0.055,0.055,0.055,0.055,000,0.055
2016-01-01,0.055,0.055,0.055,0.055,000,0.055
2016-01-04,0.052,0.052,0.052,0.052,75800,0.052
2016-01-05,0.052,0.052,0.052,0.052,69800,0.052
2016-01-06,0.052,0.052,0.052,0.052,000,0.052
2016-01-07,0.052,0.052,0.052,0.052,000,0.052
2016-01-08,0.052,0.052,0.052,0.052,000,0.052
2016-01-11,0.05,0.052,0.048,0.05,1217700,0.05
2016-01-12,0.05,0.05,0.05,0.05,000,0.05
2016-01-13,0.05,0.05,0.05,0.05,000,0.05
2016-01-14,0.05,0.05,0.05,0.05,8000,0.05
2016-01-15,0.05,0.05,0.05,0.05,000,0.05
2016-01-18,0.05,0.05,0.05,0.05,000,0.05
2016-01-19,0.05,0.05,0.05,0.05,70000,0.05
2016-01-20,0.05,0.05,0.05,0.05,90000,0.05
2016-01-21,0.05,0.05,0.05,0.05,25300,0.05
2016-01-22,0.05,0.05,0.05,0.05,000,0.05
2016-01-25,0.05,0.05,0.05,0.05,1300,0.05
2016-01-26,0.05,0.05,0.05,0.05,000,0.05
2016-01-27,0.05,0.05,0.05,0.05,000,0.05
2016-01-28,0.05,0.05,0.05,0.05,000,0.05
2016-01-29,0.05,0.05,0.05,0.05,000,0.05
2016-02-01,0.049,0.049,0.049,0.049,19500,0.049
2016-02-02,0.049,0.049,0.049,0.049,000,0.049
2016-02-03,0.05,0.05,0.05,0.05,399700,0.05
2016-02-04,0.049,0.049,0.048,0.048,377800,0.048
2016-02-05,0.048,0.048,0.048,0.048,215000,0.048
2016-02-08,0.048,0.048,0.048,0.048,000,0.048
2016-02-09,0.047,0.047,0.047,0.047,1000,0.047
2016-02-10,0.047,0.047,0.047,0.047,000,0.047
2016-02-11,0.047,0.047,0.047,0.047,9000,0.047
2016-02-12,0.047,0.047,0.047,0.047,000,0.047
2016-02-15,0.047,0.047,0.047,0.047,000,0.047
2016-02-16,0.047,0.047,0.047,0.047,000,0.047
2016-02-17,0.047,0.047,0.047,0.047,000,0.047
2016-02-18,0.047,0.047,0.047,0.047,000,0.047
2016-02-19,0.047,0.047,0.047,0.047,000,0.047
2016-02-22,0.048,0.048,0.047,0.047,394200,0.047
2016-02-23,0.047,0.047,0.046,0.046,89700,0.046
2016-02-24,0.046,0.046,0.046,0.046,000,0.046
2016-02-25,0.046,0.046,0.046,0.046,19900,0.046
2016-02-26,0.046,0.046,0.046,0.046,000,0.046
2016-02-29,0.046,0.046,0.046,0.046,3000,0.046
2016-03-01,0.046,0.046,0.046,0.046,3500,0.046
2016-03-02,0.046,0.046,0.046,0.046,000,0.046
2016-03-03,0.046,0.046,0.045,0.045,94400,0.045
2016-03-04,0.045,0.045,0.045,0.045,000,0.045
2016-03-07,0.045,0.045,0.045,0.045,000,0.045
2016-03-08,0.045,0.045,0.045,0.045,000,0.045
2016-03-09,0.045,0.045,0.045,0.045,000,0.045
2016-03-10,0.045,0.045,0.045,0.045,000,0.045
2016-03-11,0.045,0.045,0.045,0.045,000,0.045
2016-03-14,0.047,0.047,0.042,0.042,1227100,0.042
2016-03-15,0.042,0.042,0.042,0.042,000,0.042
2016-03-16,0.042,0.042,0.042,0.042,6500,0.042
2016-03-17,0.042,0.042,0.042,0.042,000,0.042
2016-03-18,0.042,0.042,0.042,0.042,000,0.042
2016-03-21,0.042,0.042,0.042,0.042,000,0.042
2016-03-22,0.042,0.042,0.042,0.042,000,0.042
2016-03-23,0.042,0.042,0.042,0.042,000,0.042
2016-03-24,0.042,0.042,0.042,0.042,000,0.042
2016-03-25,0.042,0.042,0.042,0.042,000,0.042
2016-03-28,0.042,0.042,0.042,0.042,000,0.042
2016-03-29,0.042,0.042,0.042,0.042,000,0.042
2016-03-30,0.042,0.042,0.042,0.042,10000,0.042
2016-03-31,0.042,0.042,0.042,0.042,35700,0.042
2016-04-01,0.042,0.042,0.042,0.042,000,0.042
2016-04-04,0.042,0.042,0.042,0.042,000,0.042
2016-04-05,0.042,0.042,0.042,0.042,000,0.042
2016-04-06,0.042,0.042,0.042,0.042,2000,0.042
2016-04-07,0.042,0.042,0.042,0.042,000,0.042
2016-04-08,0.042,0.042,0.042,0.042,000,0.042
2016-04-11,0.042,0.042,0.042,0.042,101700,0.042
2016-04-12,0.042,0.042,0.042,0.042,000,0.042
2016-04-13,0.042,0.042,0.042,0.042,33500,0.042
2016-04-14,0.042,0.042,0.042,0.042,12800,0.042
2016-04-15,0.042,0.042,0.042,0.042,000,0.042


2016-04-18,0.042,0.042,0.042,0.042,66000,0.042
2016-04-19,0.042,0.042,0.042,0.042,10000,0.042
2016-04-20,0.042,0.042,0.042,0.042,26100,0.042
2016-04-21,0.042,0.042,0.042,0.042,4800,0.042
2016-04-22,0.042,0.042,0.042,0.042,000,0.042


2016-04-25,0.042,0.042,0.042,0.042,000,0.042
2016-04-26,0.042,0.045,0.042,0.045,70000,0.045
2016-04-27,0.042,0.042,0.042,0.042,25000,0.042
2016-04-28,0.042,0.042,0.042,0.042,000,0.042
2016-04-29,0.042,0.042,0.042,0.042,000,0.042


2016-05-02,0.042,0.042,0.042,0.042,4700,0.042
2016-05-03,0.045,0.045,0.045,0.045,249000,0.045
2016-05-04,0.045,0.045,0.045,0.045,000,0.045
2016-05-05,0.045,0.045,0.045,0.045,000,0.045
2016-05-06,0.045,0.045,0.045,0.045,000,0.045


2016-05-09,0.045,0.045,0.045,0.045,100000,0.045
2016-05-10,0.045,0.045,0.045,0.045,000,0.045
2016-05-11,0.045,0.045,0.045,0.045,000,0.045
2016-05-12,0.045,0.045,0.045,0.045,107800,0.045
2016-05-13,0.045,0.045,0.045,0.045,000,0.045


2016-05-16,0.045,0.045,0.045,0.045,10000,0.045
2016-05-17,0.045,0.045,0.045,0.045,000,0.045
2016-05-18,0.045,0.045,0.045,0.045,000,0.045
2016-05-19,0.045,0.045,0.045,0.045,000,0.045
2016-05-20,0.045,0.045,0.045,0.045,33100,0.045


2016-05-23,0.045,0.045,0.045,0.045,34800,0.045
2016-05-24,0.045,0.045,0.045,0.045,000,0.045
2016-05-25,0.045,0.045,0.045,0.045,000,0.045
2016-05-26,0.045,0.045,0.045,0.045,000,0.045
2016-05-27,0.045,0.045,0.045,0.045,000,0.045


2016-05-30,0.045,0.045,0.043,0.043,96400,0.043
2016-05-31,0.043,0.043,0.043,0.043,000,0.043
2016-06-01,0.043,0.043,0.043,0.043,000,0.043
2016-06-02,0.043,0.043,0.043,0.043,000,0.043
2016-06-03,0.043,0.043,0.043,0.043,000,0.043


2016-06-06,0.043,0.043,0.043,0.043,000,0.043
2016-06-07,0.045,0.045,0.045,0.045,1100,0.045
2016-06-08,0.045,0.045,0.045,0.045,4400,0.045
2016-06-09,0.045,0.045,0.045,0.045,59400,0.045
2016-06-10,0.044,0.044,0.044,0.044,68600,0.044


2016-06-13,0.044,0.044,0.044,0.044,000,0.044
2016-06-14,0.044,0.044,0.042,0.042,239800,0.042
