Date,Open,High,Low,Close,Volume,Adj Close
2015-01-01,0.00275,0.00275,0.00275,0.00275,000,0.61813
2015-01-02,0.00275,0.00275,0.00275,0.00275,000,0.61813
2015-01-05,0.00275,0.00275,0.00275,0.00275,000,0.61813
2015-01-06,0.00275,0.00275,0.00275,0.00275,000,0.61813
2015-01-07,0.00275,0.00275,0.00275,0.00275,000,0.61813
2015-01-08,0.00275,0.00275,0.00275,0.00275,000,0.61813
2015-01-09,0.00275,0.00275,0.00275,0.00275,000,0.61813
2015-01-12,0.00275,0.00275,0.00275,0.00275,000,0.61813
2015-01-13,0.00275,0.00275,0.00275,0.00275,000,0.61813
2015-01-14,0.00275,0.00275,0.00275,0.00275,000,0.61813
2015-01-15,0.00236,0.00256,0.00236,0.00256,10400,0.575
2015-01-16,0.00256,0.00256,0.00256,0.00256,000,0.575
2015-01-19,0.00256,0.00256,0.00256,0.00256,000,0.575
2015-01-20,0.00256,0.00256,0.00256,0.00256,000,0.575
2015-01-21,0.00256,0.00256,0.00256,0.00256,000,0.575
2015-01-22,0.00256,0.00256,0.00256,0.00256,000,0.575
2015-01-23,0.00256,0.00256,0.00256,0.00256,000,0.575
2015-01-26,0.00256,0.00256,0.00256,0.00256,000,0.575
2015-01-27,0.00256,0.00256,0.00256,0.00256,000,0.575
2015-01-28,0.00256,0.00256,0.00256,0.00256,000,0.575
2015-01-29,0.00256,0.00256,0.00256,0.00256,000,0.575
2015-01-30,0.00256,0.00256,0.00256,0.00256,000,0.575
2015-02-02,0.00256,0.00256,0.00256,0.00256,000,0.575
2015-02-03,0.00256,0.00256,0.00256,0.00256,000,0.575
2015-02-04,0.00256,0.00256,0.00256,0.00256,000,0.575
2015-02-05,0.00256,0.00256,0.00256,0.00256,000,0.575
2015-02-06,0.00256,0.00256,0.00256,0.00256,000,0.575
2015-02-09,0.00256,0.00256,0.00256,0.00256,000,0.575
2015-02-10,0.00256,0.00256,0.00256,0.00256,000,0.575
2015-02-11,0.00256,0.00256,0.00256,0.00256,000,0.575
2015-02-12,0.00256,0.00256,0.00256,0.00256,000,0.575
2015-02-13,0.00256,0.00256,0.00256,0.00256,000,0.575
2015-02-16,0.00256,0.00256,0.00256,0.00256,000,0.575
2015-02-17,0.00256,0.00256,0.00256,0.00256,000,0.575
2015-02-18,0.00256,0.00256,0.00256,0.00256,000,0.575
2015-02-19,0.00256,0.00256,0.00256,0.00256,000,0.575
2015-02-20,0.00256,0.00256,0.00256,0.00256,000,0.575
2015-02-23,0.00256,0.00256,0.00256,0.00256,000,0.575
2015-02-24,0.00256,0.00256,0.00256,0.00256,000,0.575
2015-02-25,0.00256,0.00256,0.00256,0.00256,000,0.575
2015-02-26,0.00256,0.00256,0.00256,0.00256,000,0.575
2015-02-27,0.00256,0.00256,0.00256,0.00256,000,0.575
2015-03-02,0.00256,0.00256,0.00256,0.00256,000,0.575
2015-03-03,0.00128,0.00153,0.00128,0.00153,45600,0.345
2015-03-04,0.00153,0.00166,0.00134,0.00134,8400,0.30188
2015-03-05,0.00128,0.00147,0.00128,0.00147,8500,0.33063
2015-03-06,0.00128,0.00141,0.00121,0.00141,32800,0.31625
2015-03-09,0.00128,0.00128,0.00121,0.00121,25100,0.27313
2015-03-10,0.00121,0.00121,0.00121,0.00121,20800,0.27313
2015-03-11,0.00121,0.00121,0.00121,0.00121,000,0.27313
2015-03-12,0.00121,0.00121,0.00121,0.00121,000,0.27313
2015-03-13,0.00121,0.00121,0.00121,0.00121,000,0.27313
2015-03-16,0.00121,0.00121,0.00121,0.00121,000,0.27313
2015-03-17,0.00121,0.00121,0.00121,0.00121,000,0.27313
2015-03-18,0.00083,0.00096,0.00083,0.00096,34700,0.21563
2015-03-19,0.00089,0.00089,0.00089,0.00089,2100,0.20125
2015-03-20,0.00089,0.00089,0.00089,0.00089,000,0.20125
2015-03-23,0.00089,0.00089,0.00089,0.00089,000,0.20125
2015-03-24,0.00089,0.00089,0.00089,0.00089,000,0.20125
2015-03-25,0.0007,0.00083,0.0007,0.00083,6200,0.18688
2015-03-26,0.00083,0.00083,0.00083,0.00083,000,0.18688
2015-03-27,0.00083,0.00083,0.00083,0.00083,000,0.18688
2015-03-30,0.00083,0.00083,0.00083,0.00083,000,0.18688
2015-03-31,0.00077,0.00077,0.00077,0.00077,43200,0.1725
2015-04-01,0.00077,0.00077,0.00077,0.00077,000,0.1725
2015-04-02,0.00077,0.00077,0.00077,0.00077,000,0.1725
2015-04-03,0.00077,0.00077,0.00077,0.00077,000,0.1725
2015-04-06,0.00077,0.00077,0.00077,0.00077,000,0.1725
2015-04-07,0.00064,0.00064,0.00064,0.00064,600,0.14375
2015-04-08,0.00064,0.00064,0.00064,0.00064,000,0.14375
2015-04-09,0.00064,0.00064,0.00064,0.00064,000,0.14375
2015-04-10,0.00064,0.00064,0.00064,0.00064,000,0.14375
2015-04-13,0.00064,0.00064,0.00064,0.00064,000,0.14375
2015-04-14,0.00064,0.00064,0.00064,0.00064,000,0.14375
2015-04-15,0.00064,0.00064,0.00064,0.00064,000,0.14375
2015-04-16,0.00064,0.00064,0.00064,0.00064,800,0.14375
2015-04-17,0.00064,0.00064,0.00064,0.00064,000,0.14375
2015-04-20,0.00064,0.00064,0.00064,0.00064,000,0.14375
2015-04-21,0.00064,0.00064,0.00064,0.00064,4900,0.14375
2015-04-22,0.00064,0.00064,0.00064,0.00064,000,0.14375
2015-04-23,0.00064,0.00064,0.00064,0.00064,000,0.14375
2015-04-24,0.00064,0.00064,0.00064,0.00064,000,0.14375
2015-04-27,0.00064,0.00064,0.00064,0.00064,000,0.14375
2015-04-28,0.00064,0.00064,0.00064,0.00064,000,0.14375
2015-04-29,0.00064,0.00064,0.00064,0.00064,000,0.14375
2015-04-30,0.00064,0.00064,0.00064,0.00064,000,0.14375
2015-05-01,0.0007,0.0007,0.0007,0.0007,2700,0.15813
2015-05-04,0.00077,0.00077,0.00077,0.00077,6900,0.1725
2015-05-05,0.00077,0.00077,0.00077,0.00077,000,0.1725
2015-05-06,0.00077,0.00077,0.00077,0.00077,000,0.1725
2015-05-07,0.00077,0.00077,0.00077,0.00077,000,0.1725
2015-05-08,0.00077,0.00077,0.00077,0.00077,000,0.1725
2015-05-11,0.00128,0.00128,0.00128,0.00128,10500,0.2875
2015-05-12,0.00128,0.00128,0.00128,0.00128,43400,0.2875
2015-05-13,0.00083,0.00083,0.00083,0.00083,600,0.18688
2015-05-14,0.00096,0.00115,0.00089,0.00089,5900,0.20125
2015-05-15,0.00089,0.00089,0.00089,0.00089,000,0.20125
2015-05-18,0.00089,0.00089,0.00089,0.00089,4800,0.20125
2015-05-19,0.00083,0.00089,0.00083,0.00089,15600,0.20125
2015-05-20,0.00083,0.00083,0.00083,0.00083,2700,0.18688
2015-05-21,0.00083,0.00083,0.00083,0.00083,108100,0.18688
2015-05-22,0.00077,0.00077,0.0007,0.0007,42000,0.15813
2015-05-25,0.00077,0.00077,0.00077,0.00077,3600,0.1725
2015-05-26,0.0008,0.0008,0.0008,0.0008,000,0.18
2015-05-27,0.00087,0.001,0.00087,0.001,83300,0.225
2015-05-28,0.001,0.001,0.001,0.001,000,0.225
2015-05-29,0.001,0.001,0.001,0.001,000,0.225
2015-06-01,0.00067,0.0008,0.00067,0.0008,23900,0.18
2015-06-02,0.0008,0.0008,0.0008,0.0008,34200,0.18
2015-06-03,0.00073,0.00073,0.00073,0.00073,12500,0.165
2015-06-04,0.00073,0.00073,0.00073,0.00073,000,0.165
2015-06-05,0.0006,0.0006,0.0006,0.0006,10000,0.135
2015-06-08,0.0006,0.0006,0.0006,0.0006,000,0.135
2015-06-09,0.0006,0.0006,0.0006,0.0006,000,0.135
2015-06-10,0.0006,0.0006,0.0006,0.0006,000,0.135
2015-06-11,0.0006,0.0006,0.0006,0.0006,000,0.135
2015-06-12,0.0006,0.0006,0.0006,0.0006,000,0.135
2015-06-15,0.0006,0.0006,0.0006,0.0006,000,0.135
2015-06-16,0.0006,0.0006,0.0006,0.0006,6000,0.135
2015-06-17,0.0006,0.0006,0.0006,0.0006,000,0.135
2015-06-18,0.0006,0.0006,0.0006,0.0006,22600,0.135
2015-06-19,0.0006,0.0006,0.0006,0.0006,000,0.135
2015-06-22,0.0006,0.0006,0.0006,0.0006,000,0.135
2015-06-23,0.00053,0.00067,0.00053,0.00067,11100,0.15
2015-06-24,0.00067,0.00067,0.00067,0.00067,000,0.15
2015-06-25,0.0006,0.0006,0.0006,0.0006,27900,0.135
2015-06-26,0.0006,0.0006,0.0006,0.0006,4700,0.135
2015-06-29,0.0006,0.0006,0.0006,0.0006,4800,0.135
2015-06-30,0.0006,0.0006,0.0006,0.0006,9000,0.135
2015-07-01,0.0006,0.0006,0.0006,0.0006,000,0.135
2015-07-02,0.0006,0.0006,0.0006,0.0006,000,0.135
2015-07-03,0.0006,0.0006,0.0006,0.0006,000,0.135
2015-07-06,0.0006,0.0006,0.0006,0.0006,000,0.135
2015-07-07,0.0006,0.0006,0.0006,0.0006,000,0.135
2015-07-08,0.0006,0.0006,0.0006,0.0006,100,0.135
2015-07-09,0.0006,0.0006,0.0006,0.0006,000,0.135
2015-07-10,0.00047,0.00047,0.00047,0.00047,1500,0.105
2015-07-13,0.00047,0.00047,0.00047,0.00047,000,0.105
2015-07-14,0.00047,0.00047,0.00047,0.00047,000,0.105
2015-07-15,0.00053,0.00053,0.00053,0.00053,6600,0.12
2015-07-16,0.00053,0.00053,0.00053,0.00053,000,0.12
2015-07-17,0.00053,0.00053,0.00053,0.00053,000,0.12
2015-07-20,0.00067,0.00067,0.00067,0.00067,4400,0.15
2015-07-21,0.00067,0.00067,0.00067,0.00067,8600,0.15
2015-07-22,0.00067,0.00067,0.00067,0.00067,000,0.15
2015-07-23,0.00067,0.00067,0.00067,0.00067,000,0.15
2015-07-24,0.00067,0.00067,0.00067,0.00067,19800,0.15
2015-07-27,0.00067,0.00067,0.00067,0.00067,000,0.15
2015-07-28,0.0006,0.0006,0.0006,0.0006,1000,0.135
2015-07-29,0.0006,0.0006,0.0006,0.0006,000,0.135
2015-07-30,0.0006,0.0006,0.0006,0.0006,000,0.135
2015-07-31,0.0006,0.0006,0.0006,0.0006,000,0.135
2015-08-03,0.00047,0.00053,0.0004,0.00053,73300,0.12
2015-08-04,0.00053,0.00053,0.00053,0.00053,6000,0.12
2015-08-05,0.00053,0.00053,0.00053,0.00053,000,0.12
2015-08-06,0.00053,0.00053,0.00053,0.00053,000,0.12
2015-08-07,0.00053,0.00053,0.00053,0.00053,000,0.12
2015-08-10,0.00053,0.00053,0.00053,0.00053,000,0.12
2015-08-11,0.00053,0.00053,0.00053,0.00053,000,0.12
2015-08-12,0.00053,0.00053,0.00053,0.00053,4100,0.12
2015-08-13,0.00053,0.00053,0.00053,0.00053,000,0.12
2015-08-14,0.00053,0.00053,0.00053,0.00053,4100,0.12
2015-08-17,0.00053,0.00053,0.00053,0.00053,000,0.12
2015-08-18,0.0004,0.0004,0.0004,0.0004,43300,0.09
2015-08-19,0.0004,0.0004,0.0004,0.0004,000,0.09
2015-08-20,0.0004,0.0004,0.0004,0.0004,000,0.09
2015-08-21,0.0004,0.0004,0.0004,0.0004,50500,0.09
2015-08-24,0.0004,0.0004,0.0004,0.0004,000,0.09
2015-08-25,0.0004,0.0004,0.0004,0.0004,000,0.09
2015-08-26,0.0004,0.0004,0.0004,0.0004,000,0.09
2015-08-27,0.0004,0.0004,0.0004,0.0004,000,0.09
2015-08-28,0.0004,0.0004,0.0004,0.0004,000,0.09
2015-08-31,0.0004,0.0004,0.0004,0.0004,000,0.09
2015-09-01,0.0004,0.0004,0.0004,0.0004,000,0.09
2015-09-02,0.0004,0.0004,0.0004,0.0004,000,0.09
2015-09-03,0.0004,0.0004,0.0004,0.0004,000,0.09
2015-09-04,0.0004,0.0004,0.0004,0.0004,000,0.09
2015-09-07,0.0004,0.0004,0.0004,0.0004,000,0.09
2015-09-08,0.00047,0.00047,0.00047,0.00047,17400,0.105
2015-09-09,0.00047,0.00047,0.00047,0.00047,10000,0.105
2015-09-10,0.00047,0.00047,0.00047,0.00047,000,0.105
2015-09-11,0.00047,0.00047,0.00047,0.00047,2700,0.105
2015-09-14,0.00047,0.00047,0.00047,0.00047,000,0.105
2015-09-15,0.00047,0.00047,0.00047,0.00047,000,0.105
2015-09-16,0.00047,0.00047,0.00047,0.00047,000,0.105
2015-09-17,0.00047,0.00047,0.00047,0.00047,000,0.105
2015-09-18,0.00047,0.00047,0.00047,0.00047,000,0.105
2015-09-21,0.0004,0.0004,0.0004,0.0004,1200,0.09
2015-09-22,0.0004,0.0004,0.0004,0.0004,8000,0.09
2015-09-23,0.0004,0.0004,0.0004,0.0004,000,0.09
2015-09-24,0.00047,0.00047,0.00047,0.00047,2100,0.105
2015-09-25,0.0004,0.0004,0.0004,0.0004,5000,0.09
2015-09-28,0.00027,0.0004,0.00027,0.0004,6100,0.09
2015-09-29,0.0004,0.0004,0.0004,0.0004,000,0.09
2015-09-30,0.0004,0.0004,0.0004,0.0004,000,0.09
2015-10-01,0.0004,0.0004,0.0004,0.0004,000,0.09
2015-10-02,0.0004,0.0004,0.0004,0.0004,000,0.09
2015-10-05,0.0004,0.0004,0.0004,0.0004,000,0.09
2015-10-06,0.0004,0.0004,0.0004,0.0004,8800,0.09
2015-10-07,0.00047,0.00047,0.00047,0.00047,1100,0.105
2015-10-08,0.00047,0.00047,0.00047,0.00047,000,0.105
2015-10-09,0.00047,0.00047,0.00047,0.00047,6600,0.105
2015-10-12,0.00047,0.00047,0.00047,0.00047,000,0.105
2015-10-13,0.00047,0.00047,0.00047,0.00047,44200,0.105
2015-10-14,0.00047,0.00047,0.00047,0.00047,000,0.105
2015-10-15,0.00053,0.00053,0.00047,0.00047,35500,0.105
2015-10-16,0.00047,0.00047,0.00047,0.00047,000,0.105
2015-10-19,0.00047,0.00047,0.00047,0.00047,000,0.105
2015-10-20,0.00047,0.00047,0.00047,0.00047,000,0.105
2015-10-21,0.0004,0.0004,0.0004,0.0004,1300,0.09
2015-10-22,0.0004,0.0004,0.0004,0.0004,000,0.09
2015-10-23,0.0004,0.0004,0.0004,0.0004,000,0.09
2015-10-26,0.0004,0.0004,0.0004,0.0004,000,0.09
2015-10-27,0.0004,0.0004,0.0004,0.0004,000,0.09
2015-10-28,0.00033,0.00033,0.00033,0.00033,2000,0.075
2015-10-29,0.00033,0.00033,0.00033,0.00033,200,0.075
2015-10-30,0.00033,0.00033,0.00033,0.00033,000,0.075
2015-11-02,0.005,0.005,0.005,0.005,000,1.125
2015-11-03,0.005,0.005,0.005,0.005,000,1.125
2015-11-04,0.005,0.005,0.005,0.005,4600,1.125
2015-11-05,0.005,0.005,0.005,0.005,000,1.125
2015-11-06,0.005,0.005,0.005,0.005,000,1.125
2015-11-09,0.005,0.005,0.005,0.005,000,1.125
2015-11-10,0.004,0.004,0.004,0.004,10000,0.90
2015-11-11,0.004,0.004,0.004,0.004,131500,0.90
2015-11-12,0.004,0.004,0.004,0.004,100,0.90
2015-11-13,0.004,0.004,0.004,0.004,000,0.90
2015-11-16,0.004,0.004,0.004,0.004,000,0.90
2015-11-17,0.004,0.004,0.004,0.004,000,0.90
2015-11-18,0.004,0.004,0.004,0.004,000,0.90
2015-11-19,0.004,0.004,0.004,0.004,000,0.90
2015-11-20,0.004,0.004,0.004,0.004,48300,0.90
2015-11-23,0.004,0.004,0.004,0.004,000,0.90
2015-11-24,0.004,0.004,0.004,0.004,000,0.90
2015-11-25,0.004,0.004,0.004,0.004,000,0.90
2015-11-26,0.06,0.06,0.06,0.06,275000,13.50
2015-11-27,0.06,0.06,0.06,0.06,200000,13.50
2015-11-30,0.06,0.06,0.06,0.06,000,13.50
2015-12-01,0.06,0.06,0.06,0.06,275300,0.90
2015-12-02,0.06,0.06,0.06,0.06,000,0.06
2015-12-03,0.06,0.06,0.06,0.06,000,0.06
2015-12-04,0.06,0.06,0.06,0.06,000,0.06
2015-12-07,0.06,0.06,0.06,0.06,000,0.06
2015-12-08,0.05,0.05,0.05,0.05,600,0.05
2015-12-09,0.05,0.05,0.05,0.05,000,0.05
2015-12-10,0.05,0.05,0.05,0.05,1200,0.05
2015-12-11,0.05,0.05,0.05,0.05,000,0.05
2015-12-14,0.05,0.05,0.05,0.05,000,0.05
2015-12-15,0.05,0.05,0.05,0.05,000,0.05
2015-12-16,0.05,0.05,0.05,0.05,000,0.05
2015-12-17,0.05,0.05,0.05,0.05,000,0.05
2015-12-18,0.05,0.05,0.05,0.05,000,0.05
2015-12-21,0.05,0.05,0.04,0.04,119900,0.04
2015-12-22,0.04,0.04,0.04,0.04,000,0.04
2015-12-23,0.04,0.04,0.04,0.04,000,0.04
2015-12-24,0.04,0.04,0.04,0.04,000,0.04
2015-12-25,0.04,0.04,0.04,0.04,000,0.04
2015-12-28,0.04,0.04,0.04,0.04,000,0.04
2015-12-29,0.056,0.056,0.056,0.056,149000,0.056
2015-12-30,0.056,0.056,0.056,0.056,66600,0.056
2015-12-31,0.056,0.056,0.056,0.056,000,0.056
2016-01-01,0.056,0.056,0.056,0.056,000,0.056
2016-01-04,0.056,0.056,0.056,0.056,000,0.056
2016-01-05,0.056,0.056,0.056,0.056,000,0.056
2016-01-06,0.07,0.07,0.07,0.07,157100,0.07
2016-01-07,0.07,0.07,0.07,0.07,26100,0.07
2016-01-08,0.065,0.065,0.058,0.058,49000,0.058
2016-01-11,0.058,0.058,0.058,0.058,000,0.058
2016-01-12,0.058,0.058,0.058,0.058,000,0.058
2016-01-13,0.058,0.058,0.058,0.058,000,0.058
2016-01-14,0.058,0.058,0.058,0.058,000,0.058
2016-01-15,0.058,0.058,0.058,0.058,000,0.058
2016-01-18,0.058,0.058,0.058,0.058,000,0.058
2016-01-19,0.058,0.058,0.058,0.058,2300,0.058
2016-01-20,0.058,0.058,0.058,0.058,000,0.058
2016-01-21,0.058,0.058,0.058,0.058,000,0.058
2016-01-22,0.058,0.058,0.058,0.058,000,0.058
2016-01-25,0.058,0.058,0.058,0.058,000,0.058
2016-01-26,0.058,0.058,0.058,0.058,000,0.058
2016-01-27,0.058,0.058,0.058,0.058,000,0.058
2016-01-28,0.058,0.058,0.058,0.058,000,0.058
2016-01-29,0.058,0.058,0.058,0.058,000,0.058
2016-02-01,0.058,0.058,0.058,0.058,000,0.058
2016-02-02,0.058,0.058,0.058,0.058,000,0.058
2016-02-03,0.058,0.058,0.058,0.058,000,0.058
2016-02-04,0.058,0.058,0.058,0.058,000,0.058
2016-02-05,0.058,0.058,0.058,0.058,000,0.058
2016-02-08,0.058,0.058,0.058,0.058,000,0.058
2016-02-09,0.058,0.058,0.058,0.058,000,0.058
2016-02-10,0.058,0.058,0.058,0.058,000,0.058
2016-02-11,0.058,0.058,0.058,0.058,000,0.058
2016-02-12,0.058,0.058,0.058,0.058,000,0.058
2016-02-15,0.058,0.058,0.058,0.058,000,0.058
2016-02-16,0.058,0.058,0.058,0.058,000,0.058
2016-02-17,0.058,0.058,0.058,0.058,000,0.058
2016-02-18,0.058,0.058,0.058,0.058,000,0.058
2016-02-19,0.058,0.058,0.058,0.058,000,0.058
2016-02-22,0.058,0.058,0.058,0.058,000,0.058
2016-02-23,0.058,0.058,0.058,0.058,000,0.058
2016-02-24,0.058,0.058,0.058,0.058,000,0.058
2016-02-25,0.058,0.058,0.058,0.058,000,0.058
2016-02-26,0.058,0.058,0.058,0.058,000,0.058
2016-02-29,0.058,0.058,0.058,0.058,000,0.058
2016-03-01,0.058,0.058,0.058,0.058,000,0.058
2016-03-02,0.058,0.058,0.058,0.058,000,0.058
2016-03-03,0.058,0.058,0.058,0.058,000,0.058
2016-03-04,0.058,0.058,0.058,0.058,000,0.058
2016-03-07,0.058,0.058,0.058,0.058,000,0.058
2016-03-08,0.058,0.058,0.058,0.058,000,0.058
2016-03-09,0.058,0.058,0.058,0.058,000,0.058
2016-03-10,0.058,0.058,0.058,0.058,000,0.058
2016-03-11,0.058,0.058,0.058,0.058,000,0.058
2016-03-14,0.058,0.058,0.058,0.058,000,0.058
2016-03-15,0.058,0.058,0.058,0.058,000,0.058
2016-03-16,0.058,0.058,0.058,0.058,000,0.058
2016-03-17,0.058,0.058,0.058,0.058,000,0.058
2016-03-18,0.058,0.058,0.058,0.058,000,0.058
2016-03-21,0.058,0.058,0.058,0.058,000,0.058
2016-03-22,0.058,0.058,0.058,0.058,000,0.058
2016-03-23,0.058,0.058,0.058,0.058,000,0.058
2016-03-24,0.058,0.058,0.058,0.058,000,0.058
2016-03-25,0.058,0.058,0.058,0.058,000,0.058
2016-03-28,0.058,0.058,0.058,0.058,000,0.058
2016-03-29,0.058,0.058,0.058,0.058,000,0.058
2016-03-30,0.058,0.058,0.058,0.058,000,0.058
2016-03-31,0.058,0.058,0.058,0.058,000,0.058
2016-04-01,0.058,0.058,0.058,0.058,000,0.058
2016-04-04,0.058,0.058,0.058,0.058,000,0.058
2016-04-05,0.058,0.058,0.058,0.058,000,0.058
2016-04-06,0.058,0.058,0.058,0.058,000,0.058
2016-04-07,0.058,0.058,0.058,0.058,000,0.058
2016-04-08,0.058,0.058,0.058,0.058,000,0.058
2016-04-11,0.058,0.058,0.058,0.058,000,0.058
2016-04-12,0.058,0.058,0.058,0.058,000,0.058
2016-04-13,0.058,0.058,0.058,0.058,000,0.058
2016-04-14,0.058,0.058,0.058,0.058,000,0.058
2016-04-15,0.058,0.058,0.058,0.058,000,0.058


2016-04-18,0.058,0.058,0.058,0.058,000,0.058
2016-04-19,0.058,0.058,0.058,0.058,000,0.058
2016-04-20,0.058,0.058,0.058,0.058,000,0.058
2016-04-29,0.03,0.035,0.03,0.03,222200,0.03


2016-05-02,0.03,0.03,0.03,0.03,52600,0.03
2016-05-03,0.02333,0.02333,0.02333,0.02333,000,0.02333
2016-05-04,0.02333,0.02333,0.02333,0.02333,000,0.02333
2016-05-05,0.02333,0.02333,0.02333,0.02333,000,0.02333
2016-05-06,0.02333,0.02333,0.02333,0.02333,000,0.02333


2016-05-09,0.02333,0.02333,0.02333,0.02333,000,0.02333
2016-05-10,0.02333,0.02333,0.02333,0.02333,000,0.02333
2016-05-11,0.019,0.019,0.019,0.019,4000,0.019
2016-05-12,0.019,0.019,0.019,0.019,000,0.019
2016-05-13,0.019,0.019,0.019,0.019,000,0.019


2016-05-16,0.019,0.019,0.019,0.019,000,0.019
2016-05-17,0.019,0.019,0.019,0.019,000,0.019
2016-05-18,0.019,0.019,0.019,0.019,000,0.019
2016-05-19,0.022,0.022,0.022,0.022,2600,0.022
2016-05-20,0.022,0.022,0.022,0.022,4100,0.022


2016-05-23,0.022,0.022,0.022,0.022,000,0.022
2016-05-24,0.022,0.022,0.022,0.022,000,0.022
2016-05-25,0.022,0.022,0.022,0.022,000,0.022
2016-05-26,0.022,0.022,0.022,0.022,000,0.022
2016-05-27,0.022,0.022,0.022,0.022,000,0.022


2016-05-30,0.022,0.022,0.022,0.022,000,0.022
2016-05-31,0.022,0.022,0.022,0.022,61300,0.022
2016-06-01,0.022,0.022,0.022,0.022,000,0.022
2016-06-02,0.025,0.025,0.025,0.025,50000,0.025
2016-06-03,0.025,0.025,0.025,0.025,000,0.025


2016-06-06,0.025,0.025,0.025,0.025,6600,0.025
2016-06-07,0.027,0.027,0.027,0.027,23300,0.027
2016-06-08,0.027,0.027,0.027,0.027,000,0.027
2016-06-09,0.027,0.027,0.027,0.027,000,0.027
2016-06-10,0.027,0.03,0.025,0.03,162900,0.03


2016-06-13,0.03,0.03,0.03,0.03,000,0.03
2016-06-14,0.025,0.025,0.025,0.025,800,0.025
