Date,Open,High,Low,Close,Volume,Adj Close
2015-01-01,14.06,14.06,14.06,14.06,000,12.53988
2015-01-02,14.08,14.09,13.935,14.04,857600,12.52204
2015-01-05,14.10,14.185,14.055,14.11,1615400,12.58447
2015-01-06,14.00,14.04,13.78,13.83,3027000,12.33474
2015-01-07,13.78,13.92,13.65,13.86,2734500,12.3615
2015-01-08,13.97,14.03,13.91,13.96,5328000,12.45069
2015-01-09,14.14,14.295,14.10,14.26,3355200,12.71825
2015-01-12,14.27,14.31,14.22,14.25,2664900,12.70933
2015-01-13,14.10,14.16,14.02,14.13,1971900,12.60231
2015-01-14,14.14,14.17,14.01,14.03,2093800,12.51312
2015-01-15,14.05,14.05,13.83,13.95,3411800,12.44177
2015-01-16,13.80,13.94,13.70,13.82,2557500,12.32582
2015-01-19,13.90,14.03,13.79,13.85,2534800,12.35258
2015-01-20,13.84,13.895,13.76,13.85,2264000,12.35258
2015-01-21,13.90,14.13,13.90,14.06,3115300,12.53988
2015-01-22,14.07,14.24,14.07,14.11,1968100,12.58447
2015-01-23,14.30,14.38,14.22,14.34,3434700,12.7896
2015-01-26,14.34,14.34,14.34,14.34,000,12.7896
2015-01-27,14.44,14.44,14.28,14.35,3254600,12.79852
2015-01-28,14.34,14.48,14.23,14.40,4296200,12.84312
2015-01-29,14.37,14.63,14.36,14.58,3655900,13.00366
2015-01-30,14.69,14.83,14.63,14.72,5743500,13.12852
2015-02-02,14.77,14.88,14.74,14.77,2769800,13.17311
2015-02-03,14.80,14.83,14.54,14.68,4397200,13.09284
2015-02-04,14.72,14.95,14.67,14.79,4516200,13.19095
2015-02-05,14.85,14.92,14.71,14.78,3529000,13.18203
2015-02-06,14.87,14.92,14.77,14.79,2602000,13.19095
2015-02-09,14.80,14.88,14.72,14.81,3710600,13.20879
2015-02-10,14.75,14.75,14.35,14.42,6385100,12.86095
2015-02-11,14.41,14.41,13.88,14.00,9631700,12.48636
2015-02-12,14.00,14.05,13.57,13.97,10860300,12.45961
2015-02-13,14.07,14.48,14.06,14.45,7312700,12.88771
2015-02-16,14.47,14.73,14.33,14.67,6553100,13.08392
2015-02-17,14.67,14.80,14.61,14.66,6002100,13.07501
2015-02-18,14.21,14.365,13.95,14.02,8875100,12.98503
2015-02-19,14.10,14.15,13.81,13.93,5424500,12.90168
2015-02-20,13.70,13.82,13.68,13.77,8016100,12.75349
2015-02-23,13.73,13.95,13.68,13.93,4513800,12.90168
2015-02-24,13.93,13.98,13.76,13.86,4059900,12.83685
2015-02-25,13.95,14.16,13.85,14.13,5412000,13.08691
2015-02-26,14.00,14.05,13.84,13.94,4416500,12.91094
2015-02-27,13.99,14.04,13.92,13.98,6033700,12.94799
2015-03-02,14.00,14.11,13.98,14.01,3200600,12.97577
2015-03-03,13.80,13.88,13.55,13.75,6860900,12.73497
2015-03-04,13.80,13.80,13.48,13.50,8063300,12.50342
2015-03-05,13.50,13.61,13.47,13.58,3330700,12.57752
2015-03-06,13.58,13.64,13.35,13.55,7240200,12.54973
2015-03-09,13.40,13.61,13.39,13.52,2531200,12.52195
2015-03-10,13.62,13.62,13.30,13.33,6131100,12.34597
2015-03-11,13.25,13.31,13.18,13.22,5251500,12.24409
2015-03-12,13.24,13.46,13.23,13.37,3549400,12.38302
2015-03-13,13.40,13.47,13.31,13.36,2387100,12.37376
2015-03-16,13.36,13.39,13.25,13.28,2007400,12.29966
2015-03-17,13.42,13.59,13.36,13.48,3901800,12.4849
2015-03-18,13.48,13.53,13.34,13.48,5070700,12.4849
2015-03-19,13.69,13.76,13.61,13.73,4280400,12.71644
2015-03-20,13.73,13.87,13.73,13.82,6325000,12.7998
2015-03-23,13.80,13.84,13.68,13.75,2217300,12.73497
2015-03-24,13.82,13.87,13.74,13.76,2665100,12.74423
2015-03-25,13.83,13.94,13.77,13.81,5803900,12.79054
2015-03-26,13.75,13.75,13.60,13.61,4697100,12.6053
2015-03-27,13.72,13.75,13.555,13.74,7801400,12.7257
2015-03-30,13.63,13.655,13.415,13.49,3842800,12.49416
2015-03-31,13.57,13.63,13.44,13.50,3151500,12.50342
2015-04-01,13.50,13.52,13.415,13.52,4419600,12.52195
2015-04-02,13.65,13.77,13.54,13.68,2629100,12.67013
2015-04-03,13.68,13.68,13.68,13.68,000,12.67013
2015-04-06,13.68,13.68,13.68,13.68,000,12.67013
2015-04-07,13.81,13.82,13.48,13.55,3986000,12.54973
2015-04-08,13.58,13.67,13.42,13.44,3975300,12.44785
2015-04-09,13.50,13.65,13.37,13.38,2734200,12.39228
2015-04-10,13.48,13.55,13.32,13.42,3414400,12.42933
2015-04-13,13.60,13.64,13.51,13.57,2473600,12.56825
2015-04-14,13.61,13.91,13.60,13.84,4394300,12.81832
2015-04-15,13.95,14.02,13.88,14.00,6600500,12.96651
2015-04-16,14.06,14.22,14.06,14.18,4249500,13.13322
2015-04-17,14.20,14.20,13.86,13.93,3229200,12.90168
2015-04-20,13.80,13.91,13.75,13.90,2506100,12.87389
2015-04-21,14.08,14.10,13.84,13.87,2905300,12.84611
2015-04-22,13.74,13.75,13.57,13.71,4203400,12.69792
2015-04-23,13.70,13.73,13.60,13.68,3154600,12.67013
2015-04-24,13.75,13.86,13.71,13.80,2558800,12.78128
2015-04-27,13.75,13.78,13.58,13.62,3866200,12.61456
2015-04-28,13.50,13.62,13.40,13.51,3763300,12.51268
2015-04-29,13.30,13.33,13.16,13.16,7489300,12.18852
2015-04-30,13.16,13.18,13.025,13.115,4050500,12.14684
2015-05-01,13.20,13.21,13.03,13.05,3964600,12.08664
2015-05-04,13.01,13.13,12.92,12.97,3272300,12.01255
2015-05-05,13.09,13.23,13.00,13.12,5276200,12.15147
2015-05-06,13.02,13.09,12.90,12.90,4522200,11.94771
2015-05-07,12.80,13.03,12.68,12.97,5539900,12.01255
2015-05-08,13.09,13.13,12.95,12.95,3198700,11.99402
2015-05-11,13.12,13.13,12.92,12.94,2865700,11.98476
2015-05-12,13.01,13.25,12.99,13.17,4174100,12.19778
2015-05-13,13.15,13.36,13.11,13.35,3754600,12.36449
2015-05-14,13.33,13.48,13.30,13.45,3605800,12.45711
2015-05-15,13.57,13.57,13.37,13.45,2535200,12.45711
2015-05-18,13.38,13.48,13.22,13.22,2488800,12.24409
2015-05-19,13.33,13.33,13.07,13.16,4355900,12.18852
2015-05-20,13.16,13.20,13.00,13.08,2923700,12.11443
2015-05-21,13.07,13.16,13.02,13.10,3239800,12.13295
2015-05-22,13.16,13.17,13.08,13.12,1958900,12.15147
2015-05-25,13.18,13.335,13.125,13.22,1798000,12.24409
2015-05-26,13.26,13.40,13.21,13.40,2329900,12.4108
2015-05-27,13.40,13.44,13.32,13.42,2892900,12.42933
2015-05-28,13.50,13.50,13.26,13.42,3272600,12.42933
2015-05-29,13.41,13.63,13.40,13.53,7069800,12.53121
2015-06-01,13.40,13.44,13.26,13.40,2369000,12.4108
2015-06-02,13.51,13.51,13.25,13.30,2898900,12.31819
2015-06-03,13.25,13.31,13.12,13.21,3042900,12.23483
2015-06-04,13.39,13.39,13.095,13.24,4255800,12.26261
2015-06-05,13.26,13.31,13.07,13.16,3196000,12.18852
2015-06-08,13.16,13.16,13.16,13.16,000,12.18852
2015-06-09,13.06,13.27,13.05,13.15,3554900,12.17926
2015-06-10,13.17,13.18,13.01,13.12,2365700,12.15147
2015-06-11,13.16,13.38,13.12,13.35,3061600,12.36449
2015-06-12,13.36,13.38,13.28,13.36,2177000,12.37376
2015-06-15,13.30,13.43,13.23,13.39,2195100,12.40154
2015-06-16,13.56,13.715,13.48,13.50,3662000,12.50342
2015-06-17,13.62,13.70,13.51,13.65,3416800,12.64235
2015-06-18,13.63,13.64,13.29,13.41,5095400,12.42006
2015-06-19,13.51,13.54,13.43,13.49,6822900,12.49416
2015-06-22,13.45,13.65,13.415,13.61,3814200,12.6053
2015-06-23,13.73,13.89,13.67,13.82,5198900,12.7998
2015-06-24,13.82,13.86,13.75,13.75,3291300,12.73497
2015-06-25,13.76,13.76,13.68,13.71,2098900,12.69792
2015-06-26,13.58,13.64,13.51,13.60,4152600,12.59604
2015-06-29,13.39,13.46,13.30,13.33,2791800,12.34597
2015-06-30,13.25,13.45,13.25,13.43,5169500,12.43859
2015-07-01,13.52,13.64,13.48,13.60,1957500,12.59604
2015-07-02,13.72,13.90,13.69,13.85,3501900,12.82758
2015-07-03,13.90,13.96,13.65,13.80,2913000,12.78128
2015-07-06,13.61,13.75,13.58,13.70,3483900,12.68866
2015-07-07,13.76,13.91,13.745,13.82,4110500,12.7998
2015-07-08,13.69,13.78,13.48,13.51,4205100,12.51268
2015-07-09,13.40,13.51,13.37,13.48,4785500,12.4849
2015-07-10,13.72,13.76,13.54,13.61,2957100,12.6053
2015-07-13,13.61,13.77,13.58,13.60,2254700,12.59604
2015-07-14,13.90,13.97,13.86,13.90,4146000,12.87389
2015-07-15,14.00,14.17,13.98,14.13,3987000,13.08691
2015-07-16,14.21,14.225,14.03,14.15,2578200,13.10544
2015-07-17,14.20,14.23,14.12,14.17,1638200,13.12396
2015-07-20,14.20,14.36,14.17,14.34,1994900,13.28141
2015-07-21,14.37,14.45,14.29,14.37,2954000,13.3092
2015-07-22,14.20,14.24,14.09,14.17,4571600,13.12396
2015-07-23,14.10,14.26,14.10,14.18,2080300,13.13322
2015-07-24,14.15,14.26,14.08,14.15,1992000,13.10544
2015-07-27,14.10,14.23,14.05,14.23,1548000,13.17953
2015-07-28,14.07,14.30,14.02,14.20,3571800,13.15175
2015-07-29,14.31,14.35,14.16,14.19,3948800,13.14248
2015-07-30,14.20,14.26,13.96,14.12,3701700,13.07765
2015-07-31,14.19,14.28,14.165,14.27,5546300,13.21658
2015-08-03,14.30,14.37,14.21,14.33,2096300,13.27215
2015-08-04,14.24,14.70,14.04,14.55,6538400,13.47591
2015-08-05,14.52,14.57,14.33,14.48,3754700,13.41108
2015-08-06,14.35,14.45,14.31,14.41,3744900,13.34624
2015-08-07,14.25,14.34,14.17,14.28,3175100,13.22584
2015-08-10,14.30,14.43,14.30,14.36,4112400,13.29994
2015-08-11,13.82,13.84,13.64,13.66,4963000,13.14867
2015-08-12,13.69,13.78,13.45,13.55,4720300,13.04279
2015-08-13,13.50,13.55,13.40,13.40,3608300,12.89841
2015-08-14,13.40,13.54,13.36,13.41,2406400,12.90803
2015-08-17,13.41,13.50,13.28,13.38,4687100,12.87916
2015-08-18,13.37,13.50,13.25,13.27,3717100,12.77327
2015-08-19,13.37,13.48,13.36,13.46,3002100,12.95616
2015-08-20,13.40,13.45,13.235,13.31,3330600,12.81178
2015-08-21,13.11,13.14,12.90,12.98,6034300,12.49413
2015-08-24,12.59,12.68,12.35,12.37,6954000,11.90696
2015-08-25,12.27,12.83,12.18,12.81,7930500,12.33049
2015-08-26,12.71,12.95,12.61,12.89,4071700,12.4075
2015-08-27,13.13,13.21,13.03,13.04,3960900,12.55188
2015-08-28,13.28,13.28,12.85,13.01,4706300,12.52301
2015-08-31,12.79,12.89,12.765,12.83,4070400,12.34974
2015-09-01,12.90,12.90,12.48,12.52,5813500,12.05135
2015-09-02,12.47,12.59,12.30,12.56,4338900,12.08985
2015-09-03,12.79,12.81,12.43,12.56,4319700,12.08985
2015-09-04,12.68,12.68,12.40,12.50,3726700,12.0321
2015-09-07,12.59,12.63,12.25,12.30,4980100,11.83958
2015-09-08,12.40,12.47,12.28,12.42,3285700,11.95509
2015-09-09,12.67,12.85,12.66,12.84,3978300,12.35937
2015-09-10,12.53,12.62,12.45,12.53,3078800,12.06097
2015-09-11,12.42,12.53,12.34,12.37,3072500,11.90696
2015-09-14,12.53,12.55,12.38,12.44,2628500,11.97434
2015-09-15,12.53,12.53,12.22,12.25,3492600,11.79145
2015-09-16,12.40,12.48,12.37,12.41,5694500,11.94546
2015-09-17,12.54,12.615,12.47,12.53,5549000,12.06097
2015-09-18,12.41,12.65,12.36,12.54,3069900,12.0706
2015-09-21,12.39,12.39,12.20,12.28,3657000,11.82033
2015-09-22,12.38,12.45,12.31,12.36,3336700,11.89734
2015-09-23,12.25,12.31,12.14,12.24,3913200,11.78183
2015-09-24,12.30,12.42,12.26,12.38,4368600,11.91659
2015-09-25,12.53,12.55,12.24,12.24,3742700,11.78183
2015-09-28,12.24,12.41,12.23,12.38,3035100,11.91659
2015-09-29,12.15,12.24,11.99,11.99,4471000,11.54119
2015-09-30,12.00,12.21,11.97,12.19,9438900,11.7337
2015-10-01,12.28,12.33,12.21,12.31,6610500,11.84921
2015-10-02,12.24,12.36,12.16,12.19,3796700,11.7337
2015-10-05,12.38,12.38,12.16,12.20,3552600,11.74333
2015-10-06,12.30,12.30,12.08,12.12,4094400,11.66632
2015-10-07,12.10,12.22,11.88,12.22,4994700,11.76258
2015-10-08,12.38,12.53,12.23,12.30,4420500,11.83958
2015-10-09,12.52,12.70,12.48,12.69,4623100,12.21498
2015-10-12,12.75,12.95,12.75,12.88,7888000,12.39787
2015-10-13,12.86,12.90,12.68,12.76,5403700,12.28236
2015-10-14,12.68,12.795,12.64,12.78,3577000,12.30161
2015-10-15,12.76,12.82,12.72,12.79,3500800,12.31124
2015-10-16,12.85,13.10,12.82,13.04,4595500,12.55188
2015-10-19,13.03,13.04,12.90,12.94,2451400,12.45563
2015-10-20,12.85,12.94,12.815,12.88,1722600,12.39787
2015-10-21,12.78,13.16,12.77,13.16,4088000,12.66739
2015-10-22,13.05,13.09,12.96,13.09,2289700,12.60001
2015-10-23,13.28,13.43,13.19,13.30,4972000,12.80215
2015-10-26,13.37,13.45,13.30,13.36,2360400,12.8599
2015-10-27,13.47,13.47,13.22,13.24,3415400,12.7444
2015-10-28,13.26,13.28,13.12,13.16,3087300,12.66739
2015-10-29,13.20,13.25,13.15,13.17,7867800,12.67702
2015-10-30,13.14,13.16,13.01,13.11,9255300,12.61926
2015-11-02,13.17,13.215,12.94,12.95,3252200,12.46525
2015-11-03,13.10,13.15,13.06,13.10,3203400,12.60964
2015-11-04,13.20,13.28,13.07,13.12,3687000,12.62889
2015-11-05,13.05,13.09,12.89,12.95,5383800,12.46525
2015-11-06,12.97,13.02,12.85,13.00,4489200,12.51338
2015-11-09,12.95,13.06,12.84,12.87,3859600,12.38825
2015-11-10,12.85,12.91,12.74,12.87,4472100,12.38825
2015-11-11,12.86,13.01,12.84,13.00,6508700,12.51338
2015-11-12,12.93,13.07,12.92,13.04,3044800,12.55188
2015-11-13,12.81,13.01,12.80,12.85,3116300,12.369
2015-11-16,12.63,12.835,12.60,12.74,2674600,12.26311
2015-11-17,12.94,13.03,12.825,13.03,3981600,12.54226
2015-11-18,13.04,13.20,13.01,13.17,3220900,12.67702
2015-11-19,13.30,13.38,13.225,13.38,2762700,12.87916
2015-11-20,13.38,13.43,13.305,13.41,3511300,12.90803
2015-11-23,13.44,13.605,13.42,13.53,3313100,13.02354
2015-11-24,13.51,13.61,13.40,13.53,3905700,13.02354
2015-11-25,13.54,13.54,13.37,13.41,4511200,12.90803
2015-11-26,13.46,13.58,13.41,13.50,3079900,12.99466
2015-11-27,13.63,13.63,13.44,13.47,3119000,12.96579
2015-11-30,13.47,13.58,13.39,13.39,3718200,12.88878
2015-12-01,13.49,13.74,13.39,13.72,3773900,13.20643
2015-12-02,13.72,13.73,13.57,13.68,3269600,13.16793
2015-12-03,13.54,13.58,13.47,13.55,3567400,13.04279
2015-12-04,13.35,13.45,13.32,13.41,3170500,12.90803
2015-12-07,13.65,13.74,13.50,13.52,2994700,13.01392
2015-12-08,13.45,13.49,13.35,13.39,2796300,12.88878
2015-12-09,13.31,13.38,13.27,13.31,2442500,12.81178
2015-12-10,13.25,13.26,12.97,13.08,4144400,12.59039
2015-12-11,13.00,13.10,12.94,13.05,2445000,12.56151
2015-12-14,12.01,12.10,11.71,11.77,11998700,11.32942
2015-12-15,11.75,11.78,11.30,11.33,10465300,10.90589
2015-12-16,11.61,11.73,11.46,11.57,11996500,11.13691
2015-12-17,11.52,11.71,11.49,11.52,6768700,11.08878
2015-12-18,11.30,11.52,11.26,11.48,8574000,11.05028
2015-12-21,11.55,11.70,11.50,11.63,3994400,11.19466
2015-12-22,11.72,11.72,11.565,11.61,3692700,11.17541
2015-12-23,11.75,11.88,11.71,11.81,3470300,11.36792
2015-12-24,11.98,12.00,11.79,11.83,1506000,11.38718
2015-12-25,11.83,11.83,11.83,11.83,000,11.38718
2015-12-28,11.83,11.83,11.83,11.83,000,11.38718
2015-12-29,11.93,12.02,11.87,12.00,2614400,11.55081
2015-12-30,12.12,12.20,12.08,12.19,3762500,11.7337
2015-12-31,12.20,12.23,12.08,12.14,2781600,11.68557
2016-01-01,12.14,12.14,12.14,12.14,000,11.68557
2016-01-04,12.14,12.25,12.01,12.06,3283200,11.60857
2016-01-05,11.94,12.00,11.87,11.92,2717100,11.47381
2016-01-06,11.89,11.95,11.63,11.71,3573200,11.27167
2016-01-07,11.85,12.07,11.58,11.62,5016400,11.18504
2016-01-08,11.60,11.66,11.47,11.49,6001900,11.0599
2016-01-11,11.40,11.54,11.35,11.51,5135100,11.07915
2016-01-12,11.60,11.71,11.52,11.54,3477300,11.10803
2016-01-13,11.62,11.83,11.58,11.83,2957800,11.38718
2016-01-14,11.54,11.59,11.46,11.58,3187700,11.14653
2016-01-15,11.70,11.73,11.34,11.44,3264500,11.01177
2016-01-18,11.31,11.40,11.26,11.35,3700700,10.92514
2016-01-19,11.34,11.37,11.265,11.30,3645300,10.87702
2016-01-20,11.26,11.45,11.20,11.24,4421000,10.81926
2016-01-21,11.44,11.44,11.25,11.28,3938000,10.85776
2016-01-22,11.33,11.48,11.27,11.36,3489000,10.93477
2016-01-25,11.56,11.585,11.46,11.55,3628400,11.11766
2016-01-26,11.55,11.55,11.55,11.55,000,11.11766
2016-01-27,11.50,11.61,11.38,11.38,4071400,10.95402
2016-01-28,11.40,11.49,11.26,11.45,4642000,11.0214
2016-01-29,11.29,11.63,11.29,11.61,3830000,11.17541
2016-02-01,11.75,11.97,11.715,11.81,5789800,11.36792
2016-02-02,11.77,11.81,11.61,11.65,3919900,11.21391
2016-02-03,11.45,11.49,11.26,11.30,4440900,10.87702
2016-02-04,11.36,11.50,11.32,11.50,3101100,11.06953
2016-02-05,11.40,11.41,11.30,11.39,2474900,10.96365
2016-02-08,11.41,11.45,11.29,11.35,4030200,10.92514
2016-02-09,11.17,11.20,10.85,10.90,7066300,10.49199
2016-02-10,10.86,10.89,10.52,10.70,5108900,10.29947
2016-02-11,10.32,10.93,10.11,10.70,7403400,10.29947
2016-02-12,10.67,11.23,10.52,11.06,8157000,10.646
2016-02-15,11.00,11.19,10.70,10.97,7334000,10.55937
2016-02-16,11.07,11.46,10.90,11.46,5381800,11.03103
2016-02-17,11.53,11.62,11.35,11.45,6354800,11.0214
2016-02-18,11.25,11.39,11.21,11.31,7235300,11.31
2016-02-19,11.26,11.48,11.26,11.48,4382700,11.48
2016-02-22,11.50,11.71,11.41,11.66,4127800,11.66
2016-02-23,11.64,11.85,11.56,11.62,6967300,11.62
2016-02-24,11.48,11.61,11.28,11.36,4618700,11.36
2016-02-25,11.41,11.48,11.18,11.20,4931700,11.20
2016-02-26,11.22,11.25,11.06,11.12,3947700,11.12
2016-02-29,11.17,11.44,11.15,11.20,3679000,11.20
2016-03-01,11.22,11.40,11.12,11.25,3108900,11.25
2016-03-02,11.44,11.70,11.40,11.65,3994400,11.65
2016-03-03,11.69,11.87,11.69,11.85,4424400,11.85
2016-03-04,11.89,11.93,11.72,11.78,2710400,11.78
2016-03-07,11.82,11.84,11.69,11.71,3149600,11.71
2016-03-08,11.71,11.82,11.65,11.70,3814800,11.70
2016-03-09,11.75,11.85,11.63,11.83,3712000,11.83
2016-03-10,12.04,12.04,11.80,11.85,2733400,11.85
2016-03-11,11.81,11.98,11.765,11.92,2947000,11.92
2016-03-14,11.97,12.04,11.81,11.87,3687600,11.87
2016-03-15,11.87,11.91,11.76,11.80,3684000,11.80
2016-03-16,11.73,11.80,11.69,11.80,4226400,11.80
2016-03-17,11.79,11.91,11.75,11.77,4183400,11.77
2016-03-18,11.87,11.99,11.835,11.94,6676100,11.94
2016-03-21,11.99,12.00,11.84,11.90,1714200,11.90
2016-03-22,11.90,11.92,11.82,11.87,1506700,11.87
2016-03-23,11.83,11.89,11.77,11.87,2578300,11.87
2016-03-24,11.83,11.90,11.75,11.79,4361000,11.79
2016-03-25,11.79,11.79,11.79,11.79,000,11.79
2016-03-28,11.79,11.79,11.79,11.79,000,11.79
2016-03-29,11.80,11.80,11.43,11.46,4088300,11.46
2016-03-30,11.55,11.61,11.46,11.59,5181000,11.59
2016-03-31,11.73,11.91,11.70,11.91,3663600,11.91
2016-04-01,11.72,11.75,11.57,11.63,6225600,11.63
2016-04-04,11.69,11.78,11.61,11.64,2865000,11.64
2016-04-05,11.72,11.75,11.55,11.66,4152900,11.66
2016-04-06,11.68,11.87,11.67,11.82,4121900,11.82
2016-04-07,11.93,12.03,11.90,11.95,4983200,11.95
2016-04-08,11.72,11.81,11.65,11.78,3316800,11.78
2016-04-11,11.71,11.76,11.64,11.74,2644700,11.74
2016-04-12,11.70,11.83,11.68,11.74,1826000,11.74
2016-04-13,11.89,12.00,11.83,11.99,2904800,11.99
2016-04-14,12.04,12.23,11.98,12.17,3983100,12.17
2016-04-15,12.24,12.39,12.20,12.39,4303000,12.39


2016-04-18,12.37,12.38,12.19,12.25,2076400,12.25
2016-04-19,12.41,12.53,12.38,12.41,3229400,12.41
2016-04-20,12.45,12.46,12.27,12.35,3457700,12.35
2016-04-21,12.51,12.59,12.45,12.59,3624400,12.59
2016-04-22,12.43,12.66,12.42,12.59,2583000,12.59


2016-04-25,12.59,12.59,12.59,12.59,000,12.59
2016-04-26,12.50,12.52,12.35,12.40,3569400,12.40
2016-04-27,12.45,12.64,12.41,12.43,3202300,12.43
2016-04-28,12.50,12.55,12.415,12.49,3177100,12.49
2016-04-29,12.50,12.54,12.425,12.50,3076100,12.50


2016-05-02,12.38,12.43,12.24,12.43,3602900,12.43
2016-05-03,12.50,12.79,12.44,12.74,3043000,12.74
2016-05-04,12.80,12.83,12.66,12.69,2776800,12.69
2016-05-05,12.68,12.70,12.56,12.66,2282500,12.66
2016-05-06,12.45,12.54,12.35,12.50,4170600,12.50


2016-05-09,12.45,12.79,12.44,12.79,3734900,12.79
2016-05-10,12.84,12.96,12.76,12.95,3991400,12.95
2016-05-11,13.11,13.17,12.87,12.87,5332300,12.87
2016-05-12,12.82,12.93,12.63,12.76,3526600,12.76
2016-05-13,12.79,12.855,12.62,12.72,3231400,12.72


2016-05-16,12.72,12.885,12.67,12.82,4032000,12.82
2016-05-17,12.92,12.92,12.85,12.90,2203300,12.90
2016-05-18,12.82,12.935,12.765,12.85,2856500,12.85
2016-05-19,12.98,13.01,12.88,12.95,3408200,12.95
2016-05-20,13.00,13.21,12.95,13.15,3833800,13.15


2016-05-23,13.23,13.23,12.96,13.01,3902300,13.01
2016-05-24,13.00,13.11,12.95,13.05,2700900,13.05
2016-05-25,13.18,13.28,13.13,13.19,4571800,13.19
2016-05-26,13.05,13.05,12.55,12.71,7742700,12.71
2016-05-27,12.79,12.90,12.75,12.84,7283300,12.84


2016-05-30,12.90,13.01,12.86,12.94,3240300,12.94
2016-05-31,12.90,13.065,12.82,12.98,4715100,12.98
2016-06-01,12.82,12.90,12.735,12.84,2314500,12.84
2016-06-02,12.86,12.88,12.68,12.70,2741500,12.70
2016-06-03,12.77,12.81,12.69,12.78,2861700,12.78


2016-06-06,12.59,12.62,12.42,12.56,4919300,12.56
2016-06-07,12.43,12.57,12.42,12.50,3922400,12.50
2016-06-08,12.40,12.56,12.39,12.52,2070600,12.52
2016-06-09,12.50,12.59,12.44,12.56,1835800,12.56
2016-06-10,12.44,12.53,12.41,12.47,2047300,12.47


2016-06-13,12.47,12.47,12.47,12.47,000,12.47
2016-06-14,12.20,12.39,12.19,12.24,3687500,12.24
