Date,Open,High,Low,Close,Volume,Adj Close
2015-01-01,0.002,0.002,0.002,0.002,000,0.002
2015-01-02,0.002,0.002,0.002,0.002,000,0.002
2015-01-05,0.002,0.002,0.002,0.002,000,0.002
2015-01-06,0.002,0.002,0.002,0.002,000,0.002
2015-01-07,0.002,0.002,0.002,0.002,000,0.002
2015-01-08,0.002,0.002,0.002,0.002,000,0.002
2015-01-09,0.002,0.002,0.002,0.002,1216500,0.002
2015-01-12,0.002,0.002,0.002,0.002,000,0.002
2015-01-13,0.002,0.002,0.002,0.002,000,0.002
2015-01-14,0.002,0.002,0.002,0.002,000,0.002
2015-01-15,0.001,0.001,0.001,0.0015,1000000,0.0015
2015-01-16,0.001,0.001,0.001,0.001,3000000,0.001
2015-01-19,0.001,0.001,0.001,0.001,1242500,0.001
2015-01-20,0.001,0.001,0.001,0.001,000,0.001
2015-01-21,0.001,0.001,0.001,0.001,000,0.001
2015-01-22,0.001,0.001,0.001,0.001,000,0.001
2015-01-23,0.001,0.001,0.001,0.001,000,0.001
2015-01-26,0.001,0.001,0.001,0.001,000,0.001
2015-01-27,0.001,0.001,0.001,0.001,000,0.001
2015-01-28,0.001,0.001,0.001,0.001,374000,0.001
2015-01-29,0.001,0.001,0.001,0.001,000,0.001
2015-01-30,0.001,0.001,0.001,0.001,000,0.001
2015-02-02,0.001,0.001,0.001,0.001,000,0.001
2015-02-03,0.001,0.001,0.001,0.001,000,0.001
2015-02-04,0.001,0.0015,0.001,0.001,392000,0.001
2015-02-05,0.001,0.0015,0.001,0.001,1028000,0.001
2015-02-06,0.001,0.0015,0.001,0.001,2900000,0.001
2015-02-09,0.001,0.001,0.001,0.001,5945400,0.001
2015-02-10,0.001,0.001,0.001,0.001,000,0.001
2015-02-11,0.001,0.001,0.001,0.001,500000,0.001
2015-02-12,0.001,0.001,0.001,0.001,000,0.001
2015-02-13,0.001,0.001,0.001,0.001,000,0.001
2015-02-16,0.002,0.002,0.001,0.001,349000,0.001
2015-02-17,0.001,0.0015,0.001,0.001,7852000,0.001
2015-02-18,0.001,0.001,0.001,0.001,1000000,0.001
2015-02-19,0.001,0.0015,0.001,0.001,5000,0.001
2015-02-20,0.001,0.001,0.001,0.001,000,0.001
2015-02-23,0.001,0.001,0.001,0.001,000,0.001
2015-02-24,0.001,0.001,0.001,0.001,000,0.001
2015-02-25,0.001,0.001,0.001,0.001,000,0.001
2015-02-26,0.001,0.001,0.001,0.001,000,0.001
2015-02-27,0.001,0.001,0.001,0.001,60000,0.001
2015-03-02,0.001,0.001,0.001,0.001,000,0.001
2015-03-03,0.001,0.001,0.001,0.001,000,0.001
2015-03-04,0.001,0.0015,0.001,0.001,73100,0.001
2015-03-05,0.001,0.001,0.001,0.001,000,0.001
2015-03-06,0.001,0.001,0.001,0.001,000,0.001
2015-03-09,0.001,0.001,0.001,0.001,000,0.001
2015-03-10,0.001,0.001,0.001,0.001,000,0.001
2015-03-11,0.001,0.001,0.001,0.001,500000,0.001
2015-03-12,0.001,0.001,0.001,0.001,000,0.001
2015-03-13,0.001,0.001,0.001,0.001,000,0.001
2015-03-16,0.001,0.001,0.001,0.001,000,0.001
2015-03-17,0.001,0.001,0.001,0.001,000,0.001
2015-03-18,0.001,0.001,0.001,0.001,000,0.001
2015-03-19,0.001,0.001,0.001,0.001,600000,0.001
2015-03-20,0.001,0.001,0.001,0.001,000,0.001
2015-03-23,0.001,0.0015,0.001,0.001,500000,0.001
2015-03-24,0.001,0.001,0.001,0.001,000,0.001
2015-03-25,0.001,0.001,0.001,0.001,000,0.001
2015-03-26,0.001,0.001,0.001,0.001,000,0.001
2015-03-27,0.001,0.001,0.001,0.001,000,0.001
2015-03-30,0.001,0.001,0.001,0.001,000,0.001
2015-03-31,0.001,0.002,0.001,0.002,659000,0.002
2015-04-01,0.002,0.002,0.002,0.002,000,0.002
2015-04-02,0.002,0.002,0.002,0.002,000,0.002
2015-04-03,0.002,0.002,0.002,0.002,000,0.002
2015-04-06,0.002,0.002,0.002,0.002,000,0.002
2015-04-07,0.001,0.001,0.001,0.001,1600,0.001
2015-04-08,0.001,0.001,0.001,0.001,7000,0.001
2015-04-09,0.001,0.001,0.001,0.001,1600,0.001
2015-04-10,0.001,0.002,0.001,0.001,389900,0.001
2015-04-13,0.001,0.001,0.001,0.001,000,0.001
2015-04-14,0.002,0.002,0.002,0.002,3728900,0.002
2015-04-15,0.002,0.002,0.002,0.002,750000,0.002
2015-04-16,0.002,0.002,0.001,0.002,3150000,0.002
2015-04-17,0.002,0.002,0.002,0.002,3000000,0.002
2015-04-20,0.002,0.002,0.002,0.002,000,0.002
2015-04-21,0.002,0.002,0.002,0.002,2000000,0.002
2015-04-22,0.002,0.002,0.002,0.002,000,0.002
2015-04-23,0.002,0.002,0.002,0.002,000,0.002
2015-04-24,0.002,0.002,0.002,0.002,000,0.002
2015-04-27,0.001,0.001,0.001,0.001,66200,0.001
2015-04-28,0.001,0.001,0.001,0.001,000,0.001
2015-04-29,0.002,0.002,0.002,0.002,35000,0.002
2015-04-30,0.002,0.002,0.002,0.002,000,0.002
2015-05-01,0.002,0.002,0.002,0.002,000,0.002
2015-05-04,0.001,0.001,0.001,0.001,16000,0.001
2015-05-05,0.001,0.002,0.001,0.0015,1300000,0.0015
2015-05-06,0.001,0.0015,0.001,0.001,1689500,0.001
2015-05-07,0.001,0.001,0.001,0.001,000,0.001
2015-05-08,0.001,0.001,0.001,0.001,000,0.001
2015-05-11,0.001,0.001,0.001,0.001,000,0.001
2015-05-12,0.001,0.001,0.001,0.001,000,0.001
2015-05-13,0.001,0.002,0.001,0.002,369900,0.002
2015-05-14,0.002,0.002,0.002,0.002,000,0.002
2015-05-15,0.002,0.002,0.002,0.002,000,0.002
2015-05-18,0.002,0.002,0.002,0.002,000,0.002
2015-05-19,0.001,0.001,0.001,0.001,212000,0.001
2015-05-20,0.001,0.001,0.001,0.001,000,0.001
2015-05-21,0.001,0.001,0.001,0.001,000,0.001
2015-05-22,0.001,0.001,0.001,0.001,000,0.001
2015-05-25,0.001,0.0015,0.001,0.001,3818000,0.001
2015-05-26,0.001,0.001,0.001,0.001,000,0.001
2015-05-27,0.001,0.001,0.001,0.001,000,0.001
2015-05-28,0.001,0.001,0.001,0.001,000,0.001
2015-05-29,0.001,0.001,0.001,0.001,200000,0.001
2015-06-01,0.001,0.001,0.001,0.001,000,0.001
2015-06-02,0.001,0.0015,0.001,0.001,94000,0.001
2015-06-03,0.001,0.001,0.001,0.001,000,0.001
2015-06-04,0.001,0.001,0.001,0.001,000,0.001
2015-06-05,0.001,0.001,0.001,0.001,000,0.001
2015-06-08,0.001,0.001,0.001,0.001,000,0.001
2015-06-09,0.001,0.001,0.001,0.001,000,0.001
2015-06-10,0.001,0.001,0.001,0.001,000,0.001
2015-06-11,0.001,0.001,0.001,0.001,000,0.001
2015-06-12,0.001,0.001,0.001,0.001,000,0.001
2015-06-15,0.001,0.0015,0.001,0.001,90100,0.001
2015-06-16,0.001,0.001,0.001,0.001,25000,0.001
2015-06-17,0.001,0.001,0.001,0.001,000,0.001
2015-06-18,0.001,0.001,0.001,0.001,15000,0.001
2015-06-19,0.001,0.0015,0.001,0.001,691600,0.001
2015-06-22,0.001,0.0015,0.001,0.001,1146600,0.001
2015-06-23,0.001,0.001,0.001,0.001,000,0.001
2015-06-24,0.001,0.001,0.001,0.001,46000,0.001
2015-06-25,0.001,0.0015,0.001,0.001,550000,0.001
2015-06-26,0.001,0.0015,0.001,0.001,4418000,0.001
2015-06-29,0.001,0.001,0.001,0.001,999900,0.001
2015-06-30,0.001,0.0015,0.001,0.001,3025000,0.001
2015-07-01,0.001,0.001,0.001,0.001,986700,0.001
2015-07-02,0.001,0.001,0.001,0.001,2400,0.001
2015-07-03,0.001,0.001,0.001,0.001,000,0.001
2015-07-06,0.001,0.001,0.001,0.001,000,0.001
2015-07-07,0.001,0.001,0.001,0.001,000,0.001
2015-07-08,0.001,0.001,0.001,0.001,000,0.001
2015-07-09,0.001,0.001,0.001,0.001,5561400,0.001
2015-07-10,0.001,0.001,0.001,0.001,000,0.001
2015-07-13,0.001,0.001,0.001,0.001,000,0.001
2015-07-14,0.001,0.001,0.001,0.001,000,0.001
2015-07-15,0.001,0.001,0.001,0.001,000,0.001
2015-07-16,0.001,0.001,0.001,0.001,000,0.001
2015-07-17,0.001,0.001,0.001,0.001,000,0.001
2015-07-20,0.001,0.0015,0.001,0.001,5723600,0.001
2015-07-21,0.001,0.001,0.001,0.001,000,0.001
2015-07-22,0.001,0.001,0.001,0.001,000,0.001
2015-07-23,0.001,0.001,0.001,0.001,000,0.001
2015-07-24,0.001,0.001,0.001,0.001,000,0.001
2015-07-27,0.001,0.001,0.001,0.001,000,0.001
2015-07-28,0.001,0.001,0.001,0.001,000,0.001
2015-07-29,0.001,0.001,0.001,0.001,000,0.001
2015-07-30,0.001,0.001,0.001,0.001,000,0.001
2015-07-31,0.001,0.001,0.001,0.001,000,0.001
2015-08-03,0.001,0.001,0.001,0.001,000,0.001
2015-08-04,0.001,0.001,0.001,0.001,000,0.001
2015-08-05,0.001,0.001,0.001,0.001,000,0.001
2015-08-06,0.001,0.001,0.001,0.001,000,0.001
2015-08-07,0.001,0.001,0.001,0.001,000,0.001
2015-08-10,0.001,0.001,0.001,0.001,000,0.001
2015-08-11,0.001,0.001,0.001,0.001,3101600,0.001
2015-08-12,0.001,0.001,0.001,0.001,000,0.001
2015-08-13,0.001,0.001,0.001,0.001,000,0.001
2015-08-14,0.001,0.001,0.001,0.001,16000,0.001
2015-08-17,0.001,0.001,0.001,0.001,000,0.001
2015-08-18,0.001,0.001,0.001,0.001,000,0.001
2015-08-19,0.001,0.001,0.001,0.001,000,0.001
2015-08-20,0.001,0.001,0.001,0.001,100000,0.001
2015-08-21,0.001,0.001,0.001,0.001,000,0.001
2015-08-24,0.001,0.001,0.001,0.001,200000,0.001
2015-08-25,0.001,0.001,0.001,0.001,000,0.001
2015-08-26,0.001,0.001,0.001,0.001,000,0.001
2015-08-27,0.001,0.001,0.001,0.001,000,0.001
2015-08-28,0.001,0.001,0.001,0.001,000,0.001
2015-08-31,0.001,0.001,0.001,0.001,000,0.001
2015-09-01,0.001,0.001,0.001,0.001,000,0.001
2015-09-02,0.001,0.002,0.001,0.002,5100000,0.002
2015-09-03,0.002,0.002,0.002,0.002,000,0.002
2015-09-04,0.002,0.002,0.002,0.002,000,0.002
2015-09-07,0.002,0.002,0.002,0.002,000,0.002
2015-09-08,0.002,0.002,0.002,0.002,000,0.002
2015-09-09,0.002,0.002,0.002,0.002,000,0.002
2015-09-10,0.001,0.0015,0.001,0.001,683400,0.001
2015-09-11,0.001,0.001,0.001,0.001,507300,0.001
2015-09-14,0.001,0.001,0.001,0.001,000,0.001
2015-09-15,0.001,0.001,0.001,0.001,000,0.001
2015-09-16,0.001,0.001,0.001,0.001,1046600,0.001
2015-09-17,0.001,0.001,0.001,0.001,000,0.001
2015-09-18,0.001,0.001,0.001,0.001,000,0.001
2015-09-21,0.001,0.001,0.001,0.001,000,0.001
2015-09-22,0.001,0.001,0.001,0.001,000,0.001
2015-09-23,0.001,0.001,0.001,0.001,000,0.001
2015-09-24,0.001,0.001,0.001,0.001,110000,0.001
2015-09-25,0.001,0.001,0.001,0.001,000,0.001
2015-09-28,0.001,0.001,0.001,0.001,500000,0.001
2015-09-29,0.001,0.001,0.001,0.001,59000,0.001
2015-09-30,0.001,0.001,0.001,0.001,000,0.001
2015-10-01,0.001,0.001,0.001,0.001,000,0.001
2015-10-02,0.001,0.001,0.001,0.001,000,0.001
2015-10-05,0.001,0.001,0.001,0.001,000,0.001
2015-10-06,0.001,0.001,0.001,0.001,000,0.001
2015-10-07,0.001,0.001,0.001,0.001,000,0.001
2015-10-08,0.001,0.001,0.001,0.001,000,0.001
2015-10-09,0.001,0.001,0.001,0.001,000,0.001
2015-10-12,0.001,0.001,0.001,0.001,000,0.001
2015-10-13,0.001,0.001,0.001,0.001,57900,0.001
2015-10-14,0.001,0.001,0.001,0.001,000,0.001
2015-10-15,0.001,0.001,0.001,0.001,000,0.001
2015-10-16,0.001,0.001,0.001,0.001,000,0.001
2015-10-19,0.001,0.001,0.001,0.001,000,0.001
2015-10-20,0.001,0.001,0.001,0.001,000,0.001
2015-10-21,0.001,0.001,0.001,0.001,80000,0.001
2015-10-22,0.001,0.001,0.001,0.001,000,0.001
2015-10-23,0.001,0.001,0.001,0.001,000,0.001
2015-10-26,0.001,0.001,0.001,0.001,2000000,0.001
2015-10-27,0.001,0.001,0.001,0.001,000,0.001
2015-10-28,0.001,0.001,0.001,0.001,000,0.001
2015-10-29,0.001,0.001,0.001,0.001,000,0.001
2015-10-30,0.001,0.0015,0.001,0.001,12651500,0.001
2015-11-02,0.001,0.001,0.001,0.001,000,0.001
2015-11-03,0.001,0.001,0.001,0.001,000,0.001
2015-11-04,0.001,0.001,0.001,0.001,000,0.001
2015-11-05,0.001,0.001,0.001,0.001,000,0.001
2015-11-06,0.001,0.001,0.001,0.001,000,0.001
2015-11-09,0.001,0.001,0.001,0.001,000,0.001
2015-11-10,0.001,0.001,0.001,0.001,000,0.001
2015-11-11,0.001,0.001,0.001,0.001,183600,0.001
2015-11-12,0.001,0.0015,0.001,0.001,1490000,0.001
2015-11-13,0.001,0.001,0.001,0.001,000,0.001
2015-11-16,0.001,0.001,0.001,0.001,000,0.001
2015-11-17,0.001,0.001,0.001,0.001,000,0.001
2015-11-18,0.001,0.001,0.001,0.001,82000,0.001
2015-11-19,0.001,0.001,0.001,0.001,000,0.001
2015-11-20,0.001,0.001,0.001,0.001,000,0.001
2015-11-23,0.001,0.001,0.001,0.001,000,0.001
2015-11-24,0.001,0.001,0.001,0.001,000,0.001
2015-11-25,0.001,0.001,0.001,0.001,000,0.001
2015-11-26,0.001,0.001,0.001,0.001,000,0.001
2015-11-27,0.001,0.001,0.001,0.001,000,0.001
2015-11-30,0.001,0.001,0.001,0.001,000,0.001
2015-12-01,0.001,0.001,0.001,0.001,000,0.001
2015-12-02,0.001,0.001,0.001,0.001,000,0.001
2015-12-03,0.001,0.001,0.001,0.001,000,0.001
2015-12-04,0.001,0.001,0.001,0.001,000,0.001
2015-12-07,0.001,0.001,0.001,0.001,000,0.001
2015-12-08,0.001,0.001,0.001,0.001,000,0.001
2015-12-09,0.001,0.0015,0.001,0.001,2662500,0.001
2015-12-10,0.001,0.001,0.001,0.001,000,0.001
2015-12-11,0.001,0.001,0.001,0.001,000,0.001
2015-12-14,0.001,0.001,0.001,0.001,000,0.001
2015-12-15,0.001,0.001,0.001,0.001,000,0.001
2015-12-16,0.001,0.001,0.001,0.001,000,0.001
2015-12-17,0.001,0.001,0.001,0.001,000,0.001
2015-12-18,0.001,0.001,0.001,0.001,000,0.001
2015-12-21,0.001,0.001,0.001,0.001,000,0.001
2015-12-22,0.001,0.001,0.001,0.001,000,0.001
2015-12-23,0.001,0.0015,0.001,0.001,20000000,0.001
2015-12-24,0.001,0.001,0.001,0.001,000,0.001
2015-12-25,0.001,0.001,0.001,0.001,000,0.001
2015-12-28,0.001,0.001,0.001,0.001,000,0.001
2015-12-29,0.001,0.001,0.001,0.001,000,0.001
2015-12-30,0.001,0.001,0.001,0.001,000,0.001
2015-12-31,0.001,0.001,0.001,0.001,000,0.001
2016-01-01,0.001,0.001,0.001,0.001,000,0.001
2016-01-04,0.001,0.001,0.001,0.001,000,0.001
2016-01-05,0.001,0.001,0.001,0.001,000,0.001
2016-01-06,0.001,0.001,0.001,0.001,000,0.001
2016-01-07,0.001,0.001,0.001,0.001,000,0.001
2016-01-08,0.001,0.001,0.001,0.001,000,0.001
2016-01-11,0.001,0.001,0.001,0.001,000,0.001
2016-01-12,0.001,0.001,0.001,0.001,000,0.001
2016-01-13,0.001,0.001,0.001,0.001,000,0.001
2016-01-14,0.001,0.001,0.001,0.001,000,0.001
2016-01-15,0.001,0.001,0.001,0.001,000,0.001
2016-01-18,0.001,0.001,0.001,0.001,000,0.001
2016-01-19,0.001,0.001,0.001,0.001,000,0.001
2016-01-20,0.001,0.001,0.001,0.001,000,0.001
2016-01-21,0.001,0.001,0.001,0.001,000,0.001
2016-01-22,0.002,0.002,0.001,0.001,3078700,0.001
2016-01-25,0.001,0.001,0.001,0.001,000,0.001
2016-01-26,0.001,0.001,0.001,0.001,000,0.001
2016-01-27,0.001,0.001,0.001,0.001,000,0.001
2016-01-28,0.001,0.001,0.001,0.001,000,0.001
2016-01-29,0.001,0.001,0.001,0.001,000,0.001
2016-02-01,0.001,0.001,0.001,0.001,000,0.001
2016-02-02,0.001,0.001,0.001,0.001,000,0.001
2016-02-03,0.001,0.001,0.001,0.001,000,0.001
2016-02-04,0.001,0.001,0.001,0.001,553200,0.001
2016-02-05,0.001,0.001,0.001,0.001,000,0.001
2016-02-08,0.001,0.001,0.001,0.001,000,0.001
2016-02-09,0.001,0.001,0.001,0.001,000,0.001
2016-02-10,0.001,0.001,0.001,0.001,000,0.001
2016-02-11,0.001,0.001,0.001,0.001,000,0.001
2016-02-12,0.001,0.001,0.001,0.001,000,0.001
2016-02-15,0.001,0.001,0.001,0.001,000,0.001
2016-02-16,0.001,0.001,0.001,0.001,000,0.001
2016-02-17,0.001,0.001,0.001,0.001,000,0.001
2016-02-18,0.001,0.001,0.001,0.001,000,0.001
2016-02-19,0.001,0.001,0.001,0.001,000,0.001
2016-02-22,0.001,0.001,0.001,0.001,000,0.001
2016-02-23,0.001,0.001,0.001,0.001,000,0.001
2016-02-24,0.001,0.001,0.001,0.001,4326000,0.001
2016-02-25,0.001,0.001,0.001,0.001,000,0.001
2016-02-26,0.001,0.001,0.001,0.001,000,0.001
2016-02-29,0.001,0.001,0.001,0.001,000,0.001
2016-03-01,0.001,0.001,0.001,0.001,000,0.001
2016-03-02,0.001,0.001,0.001,0.001,1055400,0.001
2016-03-03,0.001,0.001,0.001,0.001,000,0.001
2016-03-04,0.001,0.001,0.001,0.001,552900,0.001
2016-03-07,0.001,0.001,0.001,0.001,54500,0.001
2016-03-08,0.001,0.001,0.001,0.001,000,0.001
2016-03-09,0.001,0.001,0.001,0.001,250000,0.001
2016-03-10,0.001,0.001,0.001,0.001,000,0.001
2016-03-11,0.001,0.001,0.001,0.001,000,0.001
2016-03-14,0.001,0.001,0.001,0.001,000,0.001
2016-03-15,0.001,0.001,0.001,0.001,000,0.001
2016-03-16,0.001,0.001,0.001,0.001,000,0.001
2016-03-17,0.001,0.001,0.001,0.001,000,0.001
2016-03-18,0.001,0.001,0.001,0.001,000,0.001
2016-03-21,0.001,0.001,0.001,0.001,000,0.001
2016-03-22,0.001,0.001,0.001,0.001,000,0.001
2016-03-23,0.001,0.001,0.001,0.001,800000,0.001
2016-03-24,0.001,0.001,0.001,0.001,000,0.001
2016-03-25,0.001,0.001,0.001,0.001,000,0.001
2016-03-28,0.001,0.001,0.001,0.001,000,0.001
2016-03-29,0.001,0.001,0.001,0.001,000,0.001
2016-03-30,0.001,0.001,0.001,0.001,000,0.001
2016-03-31,0.001,0.001,0.001,0.001,000,0.001
2016-04-01,0.001,0.001,0.001,0.001,000,0.001
2016-04-04,0.001,0.001,0.001,0.001,000,0.001
2016-04-05,0.001,0.0015,0.001,0.0015,8200000,0.0015
2016-04-06,0.001,0.001,0.001,0.001,000,0.001
2016-04-07,0.001,0.001,0.001,0.001,000,0.001
2016-04-08,0.001,0.001,0.001,0.001,000,0.001
2016-04-11,0.001,0.001,0.001,0.001,000,0.001
2016-04-12,0.001,0.001,0.001,0.001,000,0.001
2016-04-13,0.002,0.002,0.002,0.002,500000,0.002
2016-04-14,0.002,0.002,0.002,0.002,000,0.002
2016-04-15,0.002,0.002,0.002,0.002,000,0.002


2016-04-18,0.002,0.002,0.002,0.002,000,0.002
2016-04-19,0.002,0.002,0.002,0.002,000,0.002
2016-04-20,0.001,0.001,0.001,0.001,158000,0.001
2016-04-21,0.001,0.0015,0.001,0.001,8700000,0.001
2016-04-22,0.001,0.001,0.001,0.001,000,0.001


2016-04-25,0.001,0.001,0.001,0.001,000,0.001
2016-04-26,0.002,0.002,0.001,0.002,49995000,0.002
2016-04-27,0.002,0.002,0.002,0.002,5750000,0.002
2016-04-28,0.002,0.002,0.002,0.002,000,0.002
2016-04-29,0.001,0.001,0.001,0.001,3200,0.001


2016-05-02,0.001,0.002,0.001,0.002,10282200,0.002
2016-05-03,0.002,0.002,0.002,0.002,400000,0.002
2016-05-04,0.002,0.002,0.002,0.002,000,0.002
2016-05-05,0.002,0.002,0.002,0.002,000,0.002
2016-05-06,0.001,0.002,0.001,0.002,14134700,0.002


2016-05-09,0.001,0.001,0.001,0.001,1382300,0.001
2016-05-10,0.002,0.002,0.001,0.0015,342500,0.0015
2016-05-11,0.001,0.001,0.001,0.001,451400,0.001
2016-05-12,0.001,0.001,0.001,0.001,000,0.001
2016-05-13,0.001,0.001,0.001,0.001,000,0.001


2016-05-16,0.002,0.002,0.002,0.002,100000,0.002
2016-05-17,0.001,0.001,0.001,0.0015,100000,0.0015
2016-05-18,0.002,0.002,0.002,0.002,200000,0.002
2016-05-19,0.002,0.002,0.002,0.002,000,0.002
2016-05-20,0.002,0.002,0.002,0.002,000,0.002


2016-05-23,0.001,0.0015,0.001,0.0015,371500,0.0015
2016-05-24,0.001,0.001,0.001,0.001,000,0.001
2016-05-25,0.001,0.001,0.001,0.001,000,0.001
2016-05-26,0.001,0.001,0.001,0.001,000,0.001
2016-05-27,0.001,0.001,0.001,0.001,000,0.001


2016-05-30,0.001,0.001,0.001,0.001,000,0.001
2016-05-31,0.001,0.001,0.001,0.001,000,0.001
2016-06-01,0.001,0.001,0.001,0.001,500000,0.001
2016-06-02,0.001,0.001,0.001,0.001,000,0.001
2016-06-03,0.001,0.001,0.001,0.001,000,0.001


2016-06-06,0.001,0.001,0.001,0.001,000,0.001
2016-06-07,0.001,0.001,0.001,0.001,000,0.001
2016-06-08,0.001,0.0015,0.001,0.0015,2540000,0.0015
2016-06-09,0.001,0.001,0.001,0.001,000,0.001
2016-06-10,0.001,0.001,0.001,0.001,2800000,0.001


2016-06-13,0.001,0.001,0.001,0.001,000,0.001
2016-06-14,0.001,0.001,0.001,0.0015,5459900,0.0015
