Date,Open,High,Low,Close,Volume,Adj Close
2015-01-01,0.26,0.26,0.26,0.26,000,0.26
2015-01-02,0.26,0.26,0.26,0.26,000,0.26
2015-01-05,0.26,0.26,0.26,0.26,000,0.26
2015-01-06,0.26,0.26,0.255,0.26,172000,0.26
2015-01-07,0.255,0.255,0.255,0.255,24200,0.255
2015-01-08,0.255,0.255,0.255,0.255,000,0.255
2015-01-09,0.27,0.27,0.27,0.27,223000,0.27
2015-01-12,0.27,0.27,0.27,0.27,355000,0.27
2015-01-13,0.27,0.27,0.26,0.26,28000,0.26
2015-01-14,0.26,0.26,0.26,0.26,000,0.26
2015-01-15,0.26,0.27,0.26,0.27,21600,0.27
2015-01-16,0.27,0.27,0.27,0.27,220000,0.27
2015-01-19,0.26,0.26,0.25,0.25,54000,0.25
2015-01-20,0.26,0.26,0.25,0.25,150000,0.25
2015-01-21,0.255,0.255,0.25,0.255,1862500,0.255
2015-01-22,0.26,0.27,0.26,0.265,243500,0.265
2015-01-23,0.265,0.265,0.265,0.265,487500,0.265
2015-01-26,0.265,0.265,0.265,0.265,000,0.265
2015-01-27,0.265,0.265,0.265,0.265,000,0.265
2015-01-28,0.265,0.265,0.265,0.265,000,0.265
2015-01-29,0.29,0.29,0.285,0.287,862700,0.287
2015-01-30,0.29,0.29,0.287,0.287,2098500,0.287
2015-02-02,0.285,0.29,0.285,0.287,1117900,0.287
2015-02-03,0.285,0.29,0.285,0.29,3534800,0.29
2015-02-04,0.29,0.29,0.29,0.29,50000,0.29
2015-02-05,0.29,0.29,0.29,0.29,000,0.29
2015-02-06,0.29,0.29,0.29,0.29,000,0.29
2015-02-09,0.287,0.287,0.287,0.287,80000,0.287
2015-02-10,0.287,0.2875,0.287,0.287,34700,0.287
2015-02-11,0.29,0.29,0.29,0.29,881700,0.29
2015-02-12,0.285,0.29,0.285,0.29,278700,0.29
2015-02-13,0.29,0.29,0.285,0.285,13200,0.285
2015-02-16,0.285,0.285,0.285,0.285,000,0.285
2015-02-17,0.29,0.29,0.29,0.29,5715800,0.29
2015-02-18,0.29,0.295,0.29,0.29,1221400,0.29
2015-02-19,0.29,0.29,0.29,0.29,000,0.29
2015-02-20,0.205,0.21,0.20,0.20,118000,0.20
2015-02-23,0.20,0.20,0.20,0.20,000,0.20
2015-02-24,0.20,0.20,0.20,0.20,000,0.20
2015-02-25,0.20,0.20,0.20,0.20,000,0.20
2015-02-26,0.20,0.20,0.20,0.20,171900,0.20
2015-02-27,0.20,0.20,0.20,0.20,000,0.20
2015-03-02,0.20,0.20,0.20,0.20,000,0.20
2015-03-03,0.205,0.205,0.205,0.205,16100,0.205
2015-03-04,0.20,0.20,0.20,0.20,6500,0.20
2015-03-05,0.20,0.20,0.20,0.20,6200,0.20
2015-03-06,0.21,0.21,0.205,0.205,219000,0.205
2015-03-09,0.205,0.205,0.205,0.205,000,0.205
2015-03-10,0.205,0.205,0.205,0.205,000,0.205
2015-03-11,0.205,0.205,0.205,0.205,181000,0.205
2015-03-12,0.205,0.205,0.205,0.205,000,0.205
2015-03-13,0.20,0.20,0.20,0.20,10000,0.20
2015-03-16,0.20,0.20,0.20,0.20,000,0.20
2015-03-17,0.20,0.20,0.20,0.20,000,0.20
2015-03-18,0.20,0.20,0.20,0.20,000,0.20
2015-03-19,0.20,0.20,0.20,0.20,105200,0.20
2015-03-20,0.20,0.20,0.20,0.20,45000,0.20
2015-03-23,0.20,0.21,0.20,0.21,76900,0.21
2015-03-24,0.20,0.20,0.20,0.20,150000,0.20
2015-03-25,0.20,0.20,0.20,0.20,363200,0.20
2015-03-26,0.20,0.20,0.20,0.20,000,0.20
2015-03-27,0.20,0.205,0.20,0.205,11100,0.205
2015-03-30,0.205,0.205,0.205,0.205,2500,0.205
2015-03-31,0.205,0.205,0.205,0.205,000,0.205
2015-04-01,0.20,0.20,0.20,0.20,28500,0.20
2015-04-02,0.20,0.20,0.20,0.20,499000,0.20
2015-04-03,0.20,0.20,0.20,0.20,000,0.20
2015-04-06,0.20,0.20,0.20,0.20,000,0.20
2015-04-07,0.19,0.19,0.19,0.19,10000,0.19
2015-04-08,0.20,0.205,0.20,0.205,19000,0.205
2015-04-09,0.205,0.205,0.205,0.205,000,0.205
2015-04-10,0.205,0.205,0.19,0.205,308400,0.205
2015-04-13,0.205,0.21,0.205,0.21,2270600,0.21
2015-04-14,0.215,0.215,0.21,0.21,19600,0.21
2015-04-15,0.21,0.21,0.21,0.21,000,0.21
2015-04-16,0.21,0.21,0.21,0.21,223200,0.21
2015-04-17,0.21,0.21,0.21,0.21,404600,0.21
2015-04-20,0.215,0.215,0.215,0.215,6000,0.215
2015-04-21,0.21,0.21,0.21,0.21,200000,0.21
2015-04-22,0.21,0.21,0.21,0.21,4000,0.21
2015-04-23,0.21,0.21,0.21,0.21,000,0.21
2015-04-24,0.215,0.215,0.215,0.215,1923000,0.215
2015-04-27,0.21,0.21,0.21,0.21,255000,0.21
2015-04-28,0.21,0.21,0.21,0.21,186100,0.21
2015-04-29,0.21,0.21,0.21,0.21,60000,0.21
2015-04-30,0.21,0.21,0.21,0.21,75000,0.21
2015-05-01,0.21,0.21,0.21,0.21,000,0.21
2015-05-04,0.21,0.21,0.21,0.21,000,0.21
2015-05-05,0.21,0.21,0.21,0.21,000,0.21
2015-05-06,0.21,0.21,0.21,0.21,10500,0.21
2015-05-07,0.21,0.21,0.21,0.21,000,0.21
2015-05-08,0.21,0.21,0.21,0.21,1368700,0.21
2015-05-11,0.21,0.21,0.21,0.21,000,0.21
2015-05-12,0.21,0.21,0.21,0.21,10800,0.21
2015-05-13,0.21,0.21,0.21,0.21,510500,0.21
2015-05-14,0.21,0.21,0.21,0.21,500000,0.21
2015-05-15,0.21,0.21,0.21,0.21,5000,0.21
2015-05-18,0.21,0.21,0.21,0.21,177500,0.21
2015-05-19,0.21,0.21,0.21,0.21,7500,0.21
2015-05-20,0.21,0.21,0.21,0.21,194700,0.21
2015-05-21,0.21,0.21,0.21,0.21,000,0.21
2015-05-22,0.21,0.21,0.21,0.21,20300,0.21
2015-05-25,0.21,0.21,0.21,0.21,20000,0.21
2015-05-26,0.21,0.21,0.21,0.21,5000,0.21
2015-05-27,0.215,0.215,0.215,0.215,667700,0.215
2015-05-28,0.215,0.215,0.215,0.215,000,0.215
2015-05-29,0.215,0.215,0.215,0.215,000,0.215
2015-06-01,0.16,0.17,0.16,0.16,575200,0.16
2015-06-02,0.18,0.18,0.18,0.18,87000,0.18
2015-06-03,0.18,0.18,0.18,0.18,4500,0.18
2015-06-04,0.16,0.17,0.16,0.165,195700,0.165
2015-06-05,0.165,0.165,0.165,0.165,000,0.165
2015-06-08,0.165,0.165,0.165,0.165,000,0.165
2015-06-09,0.16,0.16,0.16,0.16,75300,0.16
2015-06-10,0.18,0.185,0.18,0.185,2017000,0.185
2015-06-11,0.18,0.185,0.18,0.185,14800,0.185
2015-06-12,0.185,0.185,0.185,0.185,5000,0.185
2015-06-15,0.195,0.195,0.195,0.195,50000,0.195
2015-06-16,0.195,0.195,0.185,0.19,23200,0.19
2015-06-17,0.185,0.185,0.185,0.185,110500,0.185
2015-06-18,0.185,0.185,0.18,0.18,60000,0.18
2015-06-19,0.195,0.20,0.195,0.20,577800,0.20
2015-06-22,0.19,0.20,0.19,0.20,422100,0.20
2015-06-23,0.17,0.17,0.17,0.17,1500,0.17
2015-06-24,0.17,0.18,0.15,0.18,283100,0.18
2015-06-25,0.165,0.175,0.165,0.17,158600,0.17
2015-06-26,0.175,0.175,0.175,0.175,133000,0.175
2015-06-29,0.175,0.175,0.175,0.175,20500,0.175
2015-06-30,0.175,0.175,0.175,0.175,21300,0.175
2015-07-01,0.175,0.18,0.175,0.175,101200,0.175
2015-07-02,0.175,0.18,0.175,0.175,45500,0.175
2015-07-03,0.18,0.18,0.18,0.18,6700,0.18
2015-07-06,0.18,0.19,0.18,0.19,50000,0.19
2015-07-07,0.19,0.19,0.19,0.19,4500,0.19
2015-07-08,0.18,0.18,0.18,0.18,9200,0.18
2015-07-09,0.175,0.175,0.175,0.175,3000,0.175
2015-07-10,0.175,0.175,0.17,0.175,92700,0.175
2015-07-13,0.175,0.175,0.175,0.175,7000,0.175
2015-07-14,0.18,0.19,0.18,0.19,107600,0.19
2015-07-15,0.19,0.195,0.185,0.195,61000,0.195
2015-07-16,0.185,0.195,0.185,0.195,47800,0.195
2015-07-17,0.195,0.20,0.19,0.19,149700,0.19
2015-07-20,0.18,0.18,0.18,0.18,33900,0.18
2015-07-21,0.19,0.19,0.185,0.185,150000,0.185
2015-07-22,0.18,0.18,0.175,0.175,37400,0.175
2015-07-23,0.175,0.175,0.175,0.175,000,0.175
2015-07-24,0.18,0.18,0.18,0.18,57000,0.18
2015-07-27,0.18,0.18,0.18,0.18,5000,0.18
2015-07-28,0.185,0.185,0.185,0.185,13000,0.185
2015-07-29,0.185,0.185,0.18,0.18,9500,0.18
2015-07-30,0.18,0.18,0.18,0.18,000,0.18
2015-07-31,0.18,0.18,0.18,0.18,25000,0.18
2015-08-03,0.18,0.18,0.18,0.18,000,0.18
2015-08-04,0.19,0.19,0.18,0.18,130800,0.18
2015-08-05,0.18,0.18,0.18,0.18,58400,0.18
2015-08-06,0.18,0.18,0.18,0.18,2100,0.18
2015-08-07,0.18,0.18,0.18,0.18,000,0.18
2015-08-10,0.18,0.18,0.18,0.18,000,0.18
2015-08-11,0.18,0.19,0.175,0.19,273200,0.19
2015-08-12,0.19,0.20,0.19,0.20,12700,0.20
2015-08-13,0.22,0.22,0.22,0.22,2500,0.22
2015-08-14,0.20,0.20,0.20,0.20,19000,0.20
2015-08-17,0.18,0.18,0.18,0.18,469100,0.18
2015-08-18,0.18,0.18,0.18,0.18,500000,0.18
2015-08-19,0.18,0.18,0.18,0.18,3300,0.18
2015-08-20,0.18,0.18,0.18,0.18,10000,0.18
2015-08-21,0.18,0.18,0.18,0.18,174200,0.18
2015-08-24,0.18,0.18,0.18,0.18,19900,0.18
2015-08-25,0.18,0.18,0.18,0.18,5800,0.18
2015-08-26,0.18,0.18,0.18,0.18,000,0.18
2015-08-27,0.18,0.18,0.18,0.18,000,0.18
2015-08-28,0.18,0.18,0.18,0.18,25000,0.18
2015-08-31,0.15,0.16,0.15,0.15,30000,0.15
2015-09-01,0.15,0.15,0.15,0.15,000,0.15
2015-09-02,0.16,0.16,0.15,0.15,13100,0.15
2015-09-03,0.15,0.15,0.15,0.15,000,0.15
2015-09-04,0.18,0.22,0.18,0.21,387300,0.21
2015-09-07,0.30,0.35,0.27,0.28,257900,0.28
2015-09-08,0.27,0.27,0.25,0.27,187000,0.27
2015-09-09,0.27,0.285,0.27,0.28,455000,0.28
2015-09-10,0.275,0.28,0.275,0.28,217000,0.28
2015-09-11,0.285,0.31,0.285,0.31,405700,0.31
2015-09-14,0.33,0.46,0.33,0.435,737100,0.435
2015-09-15,0.43,0.435,0.405,0.405,198600,0.405
2015-09-16,0.43,0.50,0.43,0.45,331600,0.45
2015-09-17,0.45,0.465,0.37,0.37,203000,0.37
2015-09-18,0.41,0.43,0.40,0.40,74500,0.40
2015-09-21,0.39,0.39,0.37,0.37,20700,0.37
2015-09-22,0.38,0.40,0.38,0.39,30700,0.39
2015-09-23,0.39,0.40,0.39,0.39,16300,0.39
2015-09-24,0.40,0.46,0.40,0.46,57800,0.46
2015-09-25,0.455,0.455,0.43,0.45,169300,0.45
2015-09-28,0.45,0.465,0.42,0.42,204200,0.42
2015-09-29,0.39,0.39,0.38,0.38,14400,0.38
2015-09-30,0.44,0.46,0.44,0.46,4700,0.46
2015-10-01,0.46,0.46,0.46,0.46,25800,0.46
2015-10-02,0.45,0.465,0.45,0.465,101700,0.465
2015-10-05,0.465,0.465,0.465,0.465,33300,0.465
2015-10-06,0.465,0.465,0.465,0.465,000,0.465
2015-10-07,0.47,0.50,0.465,0.465,30000,0.465
2015-10-08,0.465,0.465,0.465,0.465,3500,0.465
2015-10-09,0.47,0.47,0.45,0.45,33500,0.45
2015-10-12,0.44,0.44,0.325,0.33,173700,0.33
2015-10-13,0.345,0.43,0.345,0.42,96100,0.42
2015-10-14,0.48,0.50,0.40,0.40,273800,0.40
2015-10-15,0.42,0.43,0.375,0.375,76600,0.375
2015-10-16,0.39,0.42,0.375,0.375,56800,0.375
2015-10-19,0.375,0.405,0.375,0.40,63500,0.40
2015-10-20,0.41,0.42,0.375,0.375,226800,0.375
2015-10-21,0.385,0.385,0.335,0.335,180000,0.335
2015-10-22,0.34,0.34,0.325,0.325,298200,0.325
2015-10-23,0.345,0.345,0.26,0.27,308700,0.27
2015-10-26,0.28,0.31,0.265,0.30,450700,0.30
2015-10-27,0.31,0.315,0.30,0.315,127000,0.315
2015-10-28,0.305,0.32,0.29,0.30,176200,0.30
2015-10-29,0.30,0.30,0.30,0.30,000,0.30
2015-10-30,0.30,0.30,0.30,0.30,000,0.30
2015-11-02,0.30,0.30,0.30,0.30,000,0.30
2015-11-03,0.30,0.30,0.30,0.30,000,0.30
2015-11-04,0.30,0.30,0.30,0.30,000,0.30
2015-11-05,0.30,0.30,0.30,0.30,000,0.30
2015-11-06,0.30,0.30,0.30,0.30,000,0.30
2015-11-09,0.37,0.60,0.37,0.57,4042600,0.57
2015-11-10,0.60,0.85,0.595,0.62,5201200,0.62
2015-11-11,0.65,0.65,0.50,0.55,2599300,0.55
2015-11-12,0.52,0.57,0.50,0.57,1014600,0.57
2015-11-13,0.595,0.60,0.56,0.575,1055900,0.575
2015-11-16,0.58,0.61,0.575,0.575,1144300,0.575
2015-11-17,0.585,0.635,0.585,0.615,687100,0.615
2015-11-18,0.63,0.6875,0.63,0.68,1089600,0.68
2015-11-19,0.68,0.68,0.68,0.68,000,0.68
2015-11-20,0.68,0.68,0.68,0.68,000,0.68
2015-11-23,0.39,0.44,0.265,0.40,3004600,0.40
2015-11-24,0.40,0.40,0.35,0.365,505200,0.365
2015-11-25,0.365,0.375,0.365,0.375,172600,0.375
2015-11-26,0.38,0.415,0.38,0.395,188500,0.395
2015-11-27,0.40,0.40,0.38,0.38,144200,0.38
2015-11-30,0.38,0.39,0.375,0.375,89500,0.375
2015-12-01,0.375,0.39,0.365,0.37,216900,0.37
2015-12-02,0.375,0.55,0.375,0.55,273300,0.55
2015-12-03,0.43,0.51,0.43,0.45,473500,0.45
2015-12-04,0.43,0.43,0.41,0.42,179200,0.42
2015-12-07,0.42,0.53,0.42,0.435,199100,0.435
2015-12-08,0.43,0.43,0.29,0.37,1101700,0.37
2015-12-09,0.37,0.385,0.34,0.37,187900,0.37
2015-12-10,0.37,0.37,0.37,0.37,000,0.37
2015-12-11,0.365,0.37,0.32,0.37,40200,0.37
2015-12-14,0.27,0.31,0.265,0.29,1313800,0.29
2015-12-15,0.29,0.29,0.255,0.255,377100,0.255
2015-12-16,0.26,0.28,0.26,0.275,121900,0.275
2015-12-17,0.285,0.295,0.285,0.295,106800,0.295
2015-12-18,0.295,0.295,0.27,0.27,208400,0.27
2015-12-21,0.28,0.28,0.25,0.26,217800,0.26
2015-12-22,0.26,0.265,0.24,0.265,275900,0.265
2015-12-23,0.255,0.26,0.245,0.26,115400,0.26
2015-12-24,0.25,0.26,0.245,0.26,92000,0.26
2015-12-25,0.26,0.26,0.26,0.26,000,0.26
2015-12-28,0.26,0.26,0.26,0.26,000,0.26
2015-12-29,0.26,0.285,0.26,0.27,159300,0.27
2015-12-30,0.285,0.45,0.285,0.34,1028800,0.34
2015-12-31,0.385,0.415,0.375,0.41,514700,0.41
2016-01-01,0.41,0.41,0.41,0.41,000,0.41
2016-01-04,0.415,0.415,0.355,0.355,225000,0.355
2016-01-05,0.36,0.36,0.335,0.335,76400,0.335
2016-01-06,0.345,0.36,0.31,0.33,175300,0.33
2016-01-07,0.33,0.335,0.32,0.32,127500,0.32
2016-01-08,0.305,0.305,0.29,0.30,107200,0.30
2016-01-11,0.325,0.33,0.30,0.30,60000,0.30
2016-01-12,0.30,0.33,0.295,0.33,29100,0.33
2016-01-13,0.295,0.33,0.295,0.33,95400,0.33
2016-01-14,0.32,0.325,0.32,0.32,36500,0.32
2016-01-15,0.315,0.325,0.315,0.325,19100,0.325
2016-01-18,0.32,0.32,0.295,0.295,70200,0.295
2016-01-19,0.295,0.295,0.295,0.295,25000,0.295
2016-01-20,0.30,0.325,0.30,0.325,60300,0.325
2016-01-21,0.325,0.325,0.31,0.31,20500,0.31
2016-01-22,0.31,0.32,0.31,0.31,13400,0.31
2016-01-25,0.30,0.32,0.29,0.30,317100,0.30
2016-01-26,0.30,0.30,0.30,0.30,000,0.30
2016-01-27,0.30,0.315,0.30,0.30,177200,0.30
2016-01-28,0.30,0.31,0.30,0.31,48700,0.31
2016-01-29,0.30,0.30,0.295,0.295,51600,0.295
2016-02-01,0.295,0.295,0.27,0.27,142100,0.27
2016-02-02,0.27,0.28,0.27,0.27,109400,0.27
2016-02-03,0.27,0.27,0.255,0.255,17000,0.255
2016-02-04,0.26,0.26,0.25,0.25,148300,0.25
2016-02-05,0.26,0.29,0.255,0.27,89000,0.27
2016-02-08,0.29,0.29,0.285,0.29,73000,0.29
2016-02-09,0.28,0.34,0.28,0.31,576500,0.31
2016-02-10,0.31,0.31,0.27,0.28,94900,0.28
2016-02-11,0.30,0.30,0.28,0.30,37700,0.30
2016-02-12,0.295,0.30,0.29,0.29,60800,0.29
2016-02-15,0.29,0.295,0.29,0.295,24700,0.295
2016-02-16,0.295,0.295,0.295,0.295,31800,0.295
2016-02-17,0.31,0.31,0.30,0.30,57400,0.30
2016-02-18,0.30,0.31,0.28,0.28,242900,0.28
2016-02-19,0.305,0.315,0.305,0.31,329300,0.31
2016-02-22,0.31,0.32,0.30,0.31,109100,0.31
2016-02-23,0.315,0.36,0.315,0.32,344000,0.32
2016-02-24,0.36,0.36,0.295,0.295,85000,0.295
2016-02-25,0.295,0.31,0.295,0.31,193900,0.31
2016-02-26,0.31,0.31,0.31,0.31,41200,0.31
2016-02-29,0.31,0.315,0.305,0.305,79100,0.305
2016-03-01,0.31,0.33,0.31,0.32,90500,0.32
2016-03-02,0.32,0.32,0.32,0.32,25000,0.32
2016-03-03,0.32,0.32,0.30,0.30,165100,0.30
2016-03-04,0.31,0.31,0.30,0.30,122700,0.30
2016-03-07,0.30,0.30,0.30,0.30,50000,0.30
2016-03-08,0.30,0.30,0.28,0.28,374300,0.28
2016-03-09,0.285,0.29,0.285,0.29,48500,0.29
2016-03-10,0.29,0.295,0.285,0.285,69300,0.285
2016-03-11,0.285,0.285,0.275,0.28,85700,0.28
2016-03-14,0.28,0.29,0.265,0.265,75500,0.265
2016-03-15,0.27,0.27,0.27,0.27,20000,0.27
2016-03-16,0.27,0.28,0.27,0.275,118000,0.275
2016-03-17,0.275,0.275,0.275,0.275,000,0.275
2016-03-18,0.275,0.28,0.275,0.28,49900,0.28
2016-03-21,0.28,0.28,0.28,0.28,600,0.28
2016-03-22,0.28,0.28,0.28,0.28,1400,0.28
2016-03-23,0.28,0.28,0.28,0.28,5000,0.28
2016-03-24,0.275,0.275,0.27,0.275,13200,0.275
2016-03-25,0.275,0.275,0.275,0.275,000,0.275
2016-03-28,0.275,0.275,0.275,0.275,000,0.275
2016-03-29,0.275,0.275,0.275,0.275,000,0.275
2016-03-30,0.275,0.275,0.27,0.275,121000,0.275
2016-03-31,0.275,0.275,0.275,0.275,10500,0.275
2016-04-01,0.275,0.275,0.27,0.27,154500,0.27
2016-04-04,0.275,0.28,0.275,0.28,23800,0.28
2016-04-05,0.28,0.28,0.275,0.275,101300,0.275
2016-04-06,0.275,0.275,0.27,0.27,56000,0.27
2016-04-07,0.275,0.275,0.255,0.275,179700,0.275
2016-04-08,0.28,0.28,0.265,0.27,78900,0.27
2016-04-11,0.27,0.275,0.26,0.26,220000,0.26
2016-04-12,0.26,0.26,0.26,0.26,103200,0.26
2016-04-13,0.255,0.255,0.255,0.255,102900,0.255
2016-04-14,0.255,0.26,0.255,0.255,181900,0.255
2016-04-15,0.255,0.255,0.23,0.245,182000,0.245


2016-04-18,0.25,0.26,0.24,0.24,138800,0.24
2016-04-19,0.24,0.26,0.24,0.26,110000,0.26
2016-04-20,0.25,0.25,0.245,0.25,108900,0.25
2016-04-21,0.25,0.25,0.25,0.25,29000,0.25
2016-04-22,0.255,0.255,0.25,0.25,188000,0.25


2016-04-25,0.25,0.25,0.25,0.25,000,0.25
2016-04-26,0.245,0.25,0.245,0.25,85000,0.25
2016-04-27,0.25,0.25,0.245,0.245,102000,0.245
2016-04-28,0.25,0.25,0.25,0.25,20000,0.25
2016-04-29,0.25,0.25,0.245,0.245,58000,0.245


2016-05-02,0.25,0.25,0.245,0.245,201800,0.245
2016-05-03,0.245,0.245,0.245,0.245,55000,0.245
2016-05-04,0.245,0.245,0.245,0.245,45000,0.245
2016-05-05,0.25,0.25,0.25,0.25,211100,0.25
2016-05-06,0.245,0.26,0.245,0.245,811400,0.245


2016-05-09,0.245,0.255,0.245,0.245,32000,0.245
2016-05-10,0.245,0.245,0.245,0.245,20000,0.245
2016-05-11,0.245,0.245,0.245,0.245,48900,0.245
2016-05-12,0.25,0.25,0.25,0.25,14000,0.25
2016-05-13,0.25,0.255,0.245,0.245,55900,0.245


2016-05-16,0.245,0.245,0.245,0.245,1000,0.245
2016-05-17,0.245,0.245,0.245,0.245,000,0.245
2016-05-18,0.25,0.25,0.24,0.24,172200,0.24
2016-05-19,0.235,0.235,0.235,0.235,74100,0.235
2016-05-20,0.235,0.235,0.235,0.235,40000,0.235


2016-05-23,0.235,0.235,0.235,0.235,000,0.235
2016-05-24,0.235,0.235,0.235,0.235,000,0.235
2016-05-25,0.235,0.235,0.235,0.235,000,0.235
2016-05-26,0.235,0.235,0.235,0.235,000,0.235
2016-05-27,0.235,0.235,0.235,0.235,000,0.235


2016-05-30,0.235,0.235,0.235,0.235,000,0.235
2016-05-31,0.235,0.235,0.235,0.235,000,0.235
2016-06-01,0.235,0.235,0.235,0.235,000,0.235
2016-06-02,0.235,0.235,0.235,0.235,000,0.235
