Date,Open,High,Low,Close,Volume,Adj Close
2015-01-01,3.11,3.11,3.11,3.11,000,2.82204
2015-01-02,3.08,3.11,3.06,3.10,58100,2.81297
2015-01-05,3.11,3.20,3.05,3.05,288300,2.7676
2015-01-06,3.03,3.10,2.85,3.05,408500,2.83394
2015-01-07,3.09,3.09,3.05,3.06,429500,2.84323
2015-01-08,3.06,3.06,2.97,2.97,131700,2.75961
2015-01-09,2.99,2.99,2.72,2.84,626600,2.63881
2015-01-12,2.82,2.82,2.75,2.82,355900,2.62023
2015-01-13,2.79,2.885,2.77,2.82,246200,2.62023
2015-01-14,2.81,2.91,2.81,2.90,374400,2.69456
2015-01-15,2.83,2.91,2.82,2.84,419600,2.63881
2015-01-16,2.84,2.86,2.83,2.86,273500,2.6574
2015-01-19,2.85,2.86,2.83,2.86,226600,2.6574
2015-01-20,2.83,2.86,2.83,2.86,69500,2.6574
2015-01-21,2.84,2.86,2.82,2.82,117200,2.62023
2015-01-22,2.82,2.83,2.62,2.65,564300,2.46227
2015-01-23,2.66,2.795,2.64,2.78,486200,2.58306
2015-01-26,2.78,2.78,2.78,2.78,000,2.58306
2015-01-27,2.82,2.88,2.81,2.86,407900,2.6574
2015-01-28,2.70,2.84,2.70,2.79,154700,2.59236
2015-01-29,2.79,2.86,2.77,2.85,245500,2.64811
2015-01-30,2.86,2.90,2.84,2.86,406900,2.6574
2015-02-02,2.84,2.90,2.84,2.87,229000,2.66669
2015-02-03,2.87,2.89,2.82,2.86,214300,2.6574
2015-02-04,2.85,2.87,2.80,2.85,199900,2.64811
2015-02-05,2.85,2.90,2.85,2.89,316300,2.68527
2015-02-06,2.90,2.91,2.88,2.91,197100,2.70386
2015-02-09,2.91,2.91,2.81,2.81,188000,2.61094
2015-02-10,2.81,2.87,2.81,2.86,265300,2.6574
2015-02-11,2.85,2.91,2.85,2.87,180600,2.66669
2015-02-12,2.87,2.93,2.83,2.86,391400,2.6574
2015-02-13,2.85,2.90,2.81,2.84,212700,2.63881
2015-02-16,2.87,2.90,2.85,2.89,170500,2.68527
2015-02-17,2.90,2.90,2.85,2.87,126800,2.66669
2015-02-18,2.87,2.87,2.71,2.72,318600,2.52732
2015-02-19,2.75,2.87,2.74,2.87,152200,2.66669
2015-02-20,2.80,2.89,2.78,2.86,272600,2.6574
2015-02-23,2.81,2.84,2.80,2.84,110500,2.63881
2015-02-24,2.805,2.82,2.75,2.80,147100,2.60165
2015-02-25,2.79,2.79,2.73,2.75,178200,2.55519
2015-02-26,2.75,2.86,2.75,2.83,267800,2.62952
2015-02-27,2.83,2.85,2.77,2.77,153300,2.57377
2015-03-02,2.77,2.81,2.76,2.77,219400,2.57377
2015-03-03,2.76,2.81,2.76,2.81,142100,2.61094
2015-03-04,2.81,2.83,2.76,2.80,55300,2.60165
2015-03-05,2.80,2.82,2.75,2.76,161900,2.56448
2015-03-06,2.76,2.82,2.75,2.75,133300,2.55519
2015-03-09,2.75,2.765,2.74,2.74,186300,2.5459
2015-03-10,2.73,2.74,2.68,2.73,246700,2.53661
2015-03-11,2.69,2.695,2.62,2.65,267200,2.46227
2015-03-12,2.65,2.72,2.64,2.70,164700,2.50873
2015-03-13,2.68,2.77,2.68,2.72,273700,2.52732
2015-03-16,2.70,2.71,2.64,2.70,258400,2.50873
2015-03-17,2.70,2.74,2.69,2.74,241200,2.5459
2015-03-18,2.69,2.76,2.69,2.76,179600,2.56448
2015-03-19,2.73,2.77,2.72,2.73,195400,2.53661
2015-03-20,2.67,2.76,2.49,2.76,1633200,2.56448
2015-03-23,2.76,2.76,2.67,2.72,393900,2.52732
2015-03-24,2.70,2.71,2.68,2.68,223300,2.49015
2015-03-25,2.69,2.74,2.68,2.71,185200,2.51802
2015-03-26,2.71,2.71,2.66,2.66,107500,2.47157
2015-03-27,2.66,2.68,2.61,2.65,203300,2.46227
2015-03-30,2.62,2.64,2.56,2.62,326900,2.4344
2015-03-31,2.61,2.70,2.59,2.67,310100,2.48086
2015-04-01,2.70,2.70,2.65,2.70,364400,2.50873
2015-04-02,2.67,2.74,2.67,2.72,197500,2.52732
2015-04-03,2.72,2.72,2.72,2.72,000,2.52732
2015-04-06,2.72,2.72,2.72,2.72,000,2.52732
2015-04-07,2.75,2.77,2.725,2.77,293700,2.57377
2015-04-08,2.78,2.78,2.68,2.70,145000,2.50873
2015-04-09,2.71,2.725,2.65,2.68,135100,2.49015
2015-04-10,2.68,2.68,2.655,2.68,169500,2.49015
2015-04-13,2.68,2.75,2.68,2.72,313400,2.52732
2015-04-14,2.68,2.74,2.67,2.71,122400,2.51802
2015-04-15,2.72,2.75,2.70,2.73,184000,2.53661
2015-04-16,2.73,2.75,2.70,2.70,91900,2.50873
2015-04-17,2.70,2.77,2.69,2.77,154300,2.57377
2015-04-20,2.75,2.77,2.72,2.75,259800,2.55519
2015-04-21,2.77,2.785,2.74,2.76,109500,2.56448
2015-04-22,2.79,2.79,2.70,2.76,269100,2.56448
2015-04-23,2.71,2.73,2.67,2.70,244000,2.50873
2015-04-24,2.70,2.705,2.65,2.65,166500,2.46227
2015-04-27,2.66,2.69,2.65,2.66,133200,2.47157
2015-04-28,2.66,2.67,2.58,2.58,213800,2.39723
2015-04-29,2.58,2.66,2.58,2.66,176900,2.47157
2015-04-30,2.65,2.69,2.61,2.64,159600,2.45298
2015-05-01,2.65,2.69,2.65,2.66,66300,2.47157
2015-05-04,2.68,2.79,2.66,2.79,308000,2.59236
2015-05-05,2.75,2.785,2.71,2.71,169700,2.51802
2015-05-06,2.70,2.71,2.67,2.67,211900,2.48086
2015-05-07,2.67,2.70,2.67,2.70,119500,2.50873
2015-05-08,2.70,2.74,2.70,2.71,128400,2.51802
2015-05-11,2.72,2.75,2.68,2.68,151100,2.49015
2015-05-12,2.67,2.68,2.63,2.66,152700,2.47157
2015-05-13,2.67,2.83,2.66,2.82,211300,2.62023
2015-05-14,2.83,2.90,2.82,2.83,240600,2.62952
2015-05-15,2.84,2.99,2.84,2.90,287800,2.69456
2015-05-18,2.90,2.95,2.86,2.90,102400,2.69456
2015-05-19,2.90,2.90,2.76,2.76,169100,2.56448
2015-05-20,2.76,2.77,2.71,2.77,165000,2.57377
2015-05-21,2.77,2.83,2.75,2.82,93100,2.62023
2015-05-22,2.78,2.80,2.64,2.74,751400,2.5459
2015-05-25,2.75,2.89,2.74,2.86,213100,2.6574
2015-05-26,2.87,2.90,2.86,2.90,116000,2.69456
2015-05-27,2.86,2.93,2.78,2.91,320800,2.70386
2015-05-28,2.94,3.03,2.93,3.02,230500,2.80606
2015-05-29,3.02,3.04,2.98,2.98,272600,2.7689
2015-06-01,2.96,2.97,2.88,2.89,315200,2.68527
2015-06-02,2.89,2.91,2.82,2.83,319000,2.62952
2015-06-03,2.84,2.84,2.80,2.82,236800,2.62023
2015-06-04,2.80,2.81,2.73,2.73,361400,2.53661
2015-06-05,2.73,2.84,2.73,2.82,441900,2.62023
2015-06-08,2.82,2.82,2.82,2.82,000,2.62023
2015-06-09,2.82,2.83,2.74,2.76,306400,2.56448
2015-06-10,2.80,2.83,2.77,2.80,212300,2.60165
2015-06-11,2.81,2.87,2.81,2.82,222300,2.62023
2015-06-12,2.87,2.87,2.76,2.80,254100,2.60165
2015-06-15,2.80,2.83,2.75,2.77,317900,2.57377
2015-06-16,2.76,2.80,2.75,2.77,144900,2.57377
2015-06-17,2.76,2.79,2.73,2.74,329000,2.5459
2015-06-18,2.73,2.76,2.73,2.75,271700,2.55519
2015-06-19,2.76,2.80,2.74,2.80,985200,2.60165
2015-06-22,2.81,2.82,2.74,2.75,253400,2.55519
2015-06-23,2.76,2.80,2.74,2.76,343600,2.56448
2015-06-24,2.75,2.77,2.74,2.76,281200,2.56448
2015-06-25,2.76,2.82,2.75,2.79,346500,2.59236
2015-06-26,2.79,2.80,2.75,2.75,284000,2.55519
2015-06-29,2.75,2.77,2.69,2.71,574100,2.51802
2015-06-30,2.58,2.66,2.53,2.63,593300,2.53385
2015-07-01,2.66,2.66,2.58,2.60,383100,2.50495
2015-07-02,2.59,2.61,2.54,2.56,334500,2.46641
2015-07-03,2.59,2.61,2.56,2.59,186400,2.49531
2015-07-06,2.54,2.57,2.50,2.50,520400,2.4086
2015-07-07,2.50,2.55,2.45,2.46,459900,2.37007
2015-07-08,2.46,2.50,2.40,2.50,589200,2.4086
2015-07-09,2.44,2.51,2.42,2.50,426100,2.4086
2015-07-10,2.53,2.54,2.44,2.44,438600,2.3508
2015-07-13,2.44,2.58,2.44,2.52,336400,2.42787
2015-07-14,2.58,2.63,2.57,2.61,328900,2.51458
2015-07-15,2.61,2.61,2.54,2.54,266700,2.44714
2015-07-16,2.57,2.61,2.54,2.55,295300,2.45678
2015-07-17,2.57,2.58,2.55,2.56,184400,2.46641
2015-07-20,2.61,2.61,2.55,2.56,350000,2.46641
2015-07-21,2.56,2.60,2.56,2.57,173300,2.47605
2015-07-22,2.60,2.61,2.55,2.58,446900,2.48568
2015-07-23,2.59,2.59,2.52,2.54,459600,2.44714
2015-07-24,2.55,2.55,2.515,2.54,238400,2.44714
2015-07-27,2.56,2.57,2.51,2.51,156900,2.41824
2015-07-28,2.51,2.55,2.50,2.53,127300,2.43751
2015-07-29,2.53,2.57,2.51,2.52,735500,2.42787
2015-07-30,2.52,2.54,2.50,2.51,314200,2.41824
2015-07-31,2.53,2.63,2.53,2.59,396200,2.49531
2015-08-03,2.60,2.63,2.55,2.58,251000,2.48568
2015-08-04,2.59,2.63,2.57,2.58,290300,2.48568
2015-08-05,2.60,2.63,2.58,2.60,186700,2.50495
2015-08-06,2.62,2.65,2.60,2.65,610700,2.55312
2015-08-07,2.59,2.60,2.51,2.52,653000,2.42787
2015-08-10,2.50,2.50,2.47,2.48,426300,2.38934
2015-08-11,2.53,2.53,2.48,2.48,374300,2.38934
2015-08-12,2.55,2.58,2.52,2.54,692900,2.44714
2015-08-13,2.57,2.58,2.54,2.54,385900,2.44714
2015-08-14,2.57,2.57,2.50,2.50,430100,2.4086
2015-08-17,2.55,2.56,2.51,2.55,208700,2.45678
2015-08-18,2.55,2.57,2.50,2.50,232900,2.4086
2015-08-19,2.54,2.57,2.51,2.54,215600,2.44714
2015-08-20,2.50,2.51,2.47,2.47,693400,2.3797
2015-08-21,2.47,2.50,2.45,2.45,287100,2.36043
2015-08-24,2.44,2.46,2.31,2.33,842700,2.24482
2015-08-25,2.29,2.46,2.19,2.42,730600,2.33153
2015-08-26,2.42,2.45,2.34,2.41,374300,2.32189
2015-08-27,2.44,2.46,2.42,2.43,311200,2.34116
2015-08-28,2.45,2.49,2.43,2.46,239700,2.37007
2015-08-31,2.47,2.50,2.40,2.50,551100,2.4086
2015-09-01,2.50,2.50,2.40,2.40,277200,2.31226
2015-09-02,2.40,2.41,2.37,2.38,300500,2.29299
2015-09-03,2.40,2.41,2.37,2.40,557200,2.31226
2015-09-04,2.40,2.44,2.40,2.43,326400,2.34116
2015-09-07,2.42,2.42,2.38,2.38,152300,2.29299
2015-09-08,2.40,2.45,2.38,2.42,146400,2.33153
2015-09-09,2.43,2.53,2.43,2.53,1054000,2.43751
2015-09-10,2.51,2.51,2.45,2.45,179100,2.36043
2015-09-11,2.50,2.51,2.45,2.48,275800,2.38934
2015-09-14,2.46,2.49,2.31,2.31,593800,2.22555
2015-09-15,2.30,2.31,2.21,2.25,1370800,2.16774
2015-09-16,2.25,2.32,2.24,2.32,285500,2.23519
2015-09-17,2.32,2.33,2.18,2.21,1184600,2.12921
2015-09-18,2.19,2.19,2.06,2.14,1128600,2.06177
2015-09-21,2.11,2.12,1.99,2.04,928600,1.96542
2015-09-22,2.04,2.115,2.02,2.04,468000,1.96542
2015-09-23,2.03,2.03,1.93,1.995,754400,1.92207
2015-09-24,2.00,2.06,1.99,2.04,669800,1.96542
2015-09-25,2.05,2.05,1.97,2.00,733200,1.92688
2015-09-28,2.01,2.06,2.00,2.04,339900,1.96542
2015-09-29,2.04,2.04,1.985,1.995,505000,1.92207
2015-09-30,2.01,2.02,1.99,1.995,941000,1.92207
2015-10-01,2.01,2.05,1.99,2.00,342100,1.92688
2015-10-02,2.01,2.07,2.00,2.02,259000,1.94615
2015-10-05,2.03,2.05,2.00,2.00,209900,1.92688
2015-10-06,2.00,2.04,2.00,2.00,333300,1.92688
2015-10-07,2.01,2.07,2.01,2.02,373900,1.94615
2015-10-08,2.01,2.06,2.00,2.02,400000,1.94615
2015-10-09,2.04,2.06,2.02,2.02,337100,1.94615
2015-10-12,2.03,2.05,2.00,2.01,468300,1.93652
2015-10-13,2.02,2.02,1.95,1.985,666200,1.91243
2015-10-14,1.98,1.99,1.96,1.965,298000,1.89316
2015-10-15,1.99,2.01,1.97,2.01,387900,1.93652
2015-10-16,2.02,2.02,1.975,1.975,378900,1.9028
2015-10-19,2.01,2.03,1.99,2.02,355300,1.94615
2015-10-20,2.02,2.03,1.985,1.985,357400,1.91243
2015-10-21,1.99,2.03,1.985,2.03,226300,1.95579
2015-10-22,2.00,2.02,2.00,2.01,228500,1.93652
2015-10-23,2.09,2.24,2.09,2.22,870700,2.13884
2015-10-26,2.29,2.32,2.25,2.26,727200,2.17738
2015-10-27,2.27,2.28,2.22,2.23,410000,2.14848
2015-10-28,2.24,2.24,2.13,2.13,669100,2.05213
2015-10-29,2.15,2.15,2.09,2.10,693900,2.02323
2015-10-30,2.12,2.15,2.10,2.12,418200,2.0425
2015-11-02,2.20,2.20,2.11,2.11,849200,2.03286
2015-11-03,2.12,2.15,2.11,2.11,263800,2.03286
2015-11-04,2.15,2.15,2.11,2.12,572900,2.0425
2015-11-05,2.12,2.13,2.11,2.11,189900,2.03286
2015-11-06,2.14,2.15,2.11,2.11,578800,2.03286
2015-11-09,2.13,2.15,2.11,2.12,542900,2.0425
2015-11-10,2.13,2.20,2.11,2.19,242700,2.10994
2015-11-11,2.19,2.19,2.11,2.12,374200,2.0425
2015-11-12,2.13,2.14,2.11,2.12,410900,2.0425
2015-11-13,2.13,2.13,2.05,2.06,693700,1.98469
2015-11-16,2.05,2.05,2.00,2.00,737000,1.92688
2015-11-17,2.01,2.06,1.995,1.995,858700,1.92207
2015-11-18,1.995,2.02,1.99,1.995,686400,1.92207
2015-11-19,2.01,2.06,1.995,2.04,631400,1.96542
2015-11-20,2.06,2.10,2.06,2.07,273800,1.99432
2015-11-23,2.07,2.155,2.07,2.13,457100,2.05213
2015-11-24,2.15,2.15,2.08,2.08,279400,2.00396
2015-11-25,2.10,2.13,2.05,2.05,385700,1.97506
2015-11-26,2.07,2.09,2.05,2.05,411600,1.97506
2015-11-27,2.06,2.07,2.05,2.07,373500,1.99432
2015-11-30,2.07,2.08,2.02,2.04,3330500,1.96542
2015-12-01,2.04,2.04,2.00,2.00,520100,1.92688
2015-12-02,2.04,2.05,2.02,2.02,293200,1.94615
2015-12-03,2.02,2.06,2.01,2.04,467900,1.96542
2015-12-04,2.04,2.08,2.01,2.02,438200,1.94615
2015-12-07,2.05,2.05,2.01,2.01,263200,1.93652
2015-12-08,2.02,2.02,1.985,1.99,784300,1.91725
2015-12-09,1.995,2.01,1.965,1.965,586600,1.89316
2015-12-10,1.97,1.995,1.94,1.97,724900,1.89798
2015-12-11,1.97,2.05,1.97,2.05,504900,1.97506
2015-12-14,2.04,2.04,1.972,1.99,527500,1.91725
2015-12-15,2.02,2.02,1.965,1.975,621800,1.9028
2015-12-16,2.04,2.04,1.975,1.99,402800,1.91725
2015-12-17,2.00,2.01,1.97,1.98,434600,1.90761
2015-12-18,1.98,2.02,1.975,2.01,272000,1.93652
2015-12-21,2.01,2.02,2.00,2.00,148500,1.92688
2015-12-22,2.01,2.02,1.995,2.00,235700,1.92688
2015-12-23,2.00,2.03,2.00,2.03,201400,1.95579
2015-12-24,2.03,2.06,2.01,2.05,174600,1.97506
2015-12-25,2.05,2.05,2.05,2.05,000,1.97506
2015-12-28,2.05,2.05,2.05,2.05,000,1.97506
2015-12-29,2.06,2.08,2.04,2.08,358300,2.00396
2015-12-30,2.08,2.16,2.075,2.15,557600,2.0714
2015-12-31,2.15,2.17,2.115,2.17,271300,2.09067
2016-01-01,2.17,2.17,2.17,2.17,000,2.09067
2016-01-04,2.17,2.19,2.15,2.15,508500,2.0714
2016-01-05,2.10,2.10,2.04,2.06,408900,2.06
2016-01-06,2.09,2.09,2.00,2.00,547000,2.00
2016-01-07,2.02,2.06,2.00,2.00,380800,2.00
2016-01-08,1.98,2.00,1.95,1.965,348100,1.965
2016-01-11,1.95,1.955,1.90,1.91,673700,1.91
2016-01-12,1.92,1.93,1.825,1.825,569800,1.825
2016-01-13,1.86,1.86,1.82,1.86,279600,1.86
2016-01-14,1.83,1.83,1.785,1.785,440000,1.785
2016-01-15,1.80,1.845,1.79,1.795,309600,1.795
2016-01-18,1.78,1.845,1.755,1.83,369000,1.83
2016-01-19,1.84,1.875,1.817,1.865,330000,1.865
2016-01-20,1.87,1.87,1.77,1.78,524500,1.78
2016-01-21,1.77,1.795,1.75,1.77,390700,1.77
2016-01-22,1.79,1.81,1.765,1.79,372000,1.79
2016-01-25,1.79,1.805,1.775,1.775,479300,1.775
2016-01-26,1.775,1.775,1.775,1.775,000,1.775
2016-01-27,1.785,1.795,1.77,1.78,436300,1.78
2016-01-28,1.79,1.92,1.78,1.92,353700,1.92
2016-01-29,1.92,1.995,1.91,1.995,518800,1.995
2016-02-01,1.99,1.99,1.86,1.89,501400,1.89
2016-02-02,1.86,1.88,1.82,1.88,641400,1.88
2016-02-03,1.855,1.88,1.80,1.81,220700,1.81
2016-02-04,1.83,1.845,1.79,1.79,171500,1.79
2016-02-05,1.80,1.81,1.79,1.795,170700,1.795
2016-02-08,1.80,1.88,1.80,1.88,213500,1.88
2016-02-09,1.85,1.85,1.79,1.815,454400,1.815
2016-02-10,1.81,1.81,1.76,1.76,432500,1.76
2016-02-11,1.78,1.81,1.76,1.765,481900,1.765
2016-02-12,1.76,1.77,1.67,1.68,653300,1.68
2016-02-15,1.715,1.717,1.645,1.675,308400,1.675
2016-02-16,1.68,1.695,1.665,1.675,402600,1.675
2016-02-17,1.69,1.72,1.675,1.675,287900,1.675
2016-02-18,1.70,1.707,1.635,1.65,888900,1.65
2016-02-19,1.65,1.73,1.645,1.71,397800,1.71
2016-02-22,1.71,1.71,1.66,1.68,411900,1.68
2016-02-23,1.685,1.70,1.665,1.685,406000,1.685
2016-02-24,1.67,1.73,1.67,1.72,685800,1.72
2016-02-25,1.73,1.73,1.705,1.71,323200,1.71
2016-02-26,1.705,1.74,1.69,1.72,177400,1.72
2016-02-29,1.745,1.78,1.725,1.78,413400,1.78
2016-03-01,1.79,1.79,1.72,1.725,160800,1.725
2016-03-02,1.735,1.775,1.735,1.77,151300,1.77
2016-03-03,1.79,1.795,1.762,1.78,202200,1.78
2016-03-04,1.78,1.79,1.725,1.725,358000,1.725
2016-03-07,1.74,1.785,1.74,1.77,217900,1.77
2016-03-08,1.77,1.775,1.725,1.73,257900,1.73
2016-03-09,1.75,1.765,1.70,1.705,339500,1.705
2016-03-10,1.71,1.72,1.695,1.70,188300,1.70
2016-03-11,1.695,1.71,1.685,1.705,304200,1.705
2016-03-14,1.705,1.71,1.69,1.70,248300,1.70
2016-03-15,1.71,1.71,1.67,1.69,258400,1.69
2016-03-16,1.69,1.71,1.69,1.70,226500,1.70
2016-03-17,1.705,1.71,1.695,1.695,327200,1.695
2016-03-18,1.71,1.76,1.705,1.745,703800,1.745
2016-03-21,1.75,1.797,1.72,1.73,386100,1.73
2016-03-22,1.775,1.785,1.75,1.76,347500,1.76
2016-03-23,1.775,1.815,1.775,1.81,356500,1.81
2016-03-24,1.80,1.83,1.79,1.815,360400,1.815
2016-03-25,1.815,1.815,1.815,1.815,000,1.815
2016-03-28,1.815,1.815,1.815,1.815,000,1.815
2016-03-29,1.82,1.835,1.777,1.80,357500,1.80
2016-03-30,1.815,1.815,1.785,1.805,137300,1.805
2016-03-31,1.805,1.825,1.785,1.825,241800,1.825
2016-04-01,1.82,1.82,1.79,1.805,114300,1.805
2016-04-04,1.83,1.83,1.79,1.80,147600,1.80
2016-04-05,1.80,1.815,1.75,1.76,268600,1.76
2016-04-06,1.76,1.785,1.70,1.715,362000,1.715
2016-04-07,1.735,1.785,1.73,1.765,137600,1.765
2016-04-08,1.75,1.765,1.715,1.76,161500,1.76
2016-04-11,1.76,1.76,1.71,1.71,218900,1.71
2016-04-12,1.715,1.745,1.68,1.725,279600,1.725
2016-04-13,1.725,1.74,1.715,1.715,193700,1.715
2016-04-14,1.72,1.74,1.715,1.72,198200,1.72
2016-04-15,1.735,1.74,1.72,1.725,173500,1.725


2016-04-18,1.73,1.78,1.725,1.77,281900,1.77
2016-04-19,1.775,1.805,1.775,1.80,214400,1.80
2016-04-20,1.81,1.815,1.76,1.76,185000,1.76
2016-04-21,1.78,1.82,1.78,1.81,350800,1.81
2016-04-22,1.81,1.85,1.805,1.81,241500,1.81


2016-04-25,1.81,1.81,1.81,1.81,000,1.81
2016-04-26,1.815,1.815,1.79,1.79,134100,1.79
2016-04-27,1.80,1.81,1.755,1.76,157800,1.76
2016-04-28,1.66,1.66,1.305,1.465,5849400,1.465
2016-04-29,1.46,1.46,1.367,1.395,2570100,1.395


2016-05-02,1.40,1.41,1.36,1.36,1366700,1.36
2016-05-03,1.40,1.43,1.37,1.405,899900,1.405
2016-05-04,1.41,1.445,1.40,1.40,681600,1.40
2016-05-05,1.40,1.41,1.38,1.38,542900,1.38
2016-05-06,1.385,1.405,1.375,1.405,477300,1.405


2016-05-09,1.41,1.42,1.38,1.385,566800,1.385
2016-05-10,1.40,1.405,1.38,1.38,501300,1.38
2016-05-11,1.39,1.41,1.38,1.385,556800,1.385
2016-05-12,1.385,1.39,1.365,1.38,524800,1.38
2016-05-13,1.38,1.405,1.37,1.385,582600,1.385


2016-05-16,1.39,1.39,1.37,1.38,371900,1.38
2016-05-17,1.385,1.395,1.37,1.38,329700,1.38
2016-05-18,1.38,1.385,1.34,1.355,773400,1.355
2016-05-19,1.355,1.40,1.352,1.38,425300,1.38
2016-05-20,1.395,1.42,1.395,1.415,429300,1.415


2016-05-23,1.42,1.45,1.42,1.44,452700,1.44
2016-05-24,1.445,1.46,1.43,1.445,444800,1.445
2016-05-25,1.45,1.455,1.44,1.445,437300,1.445
2016-05-26,1.445,1.51,1.44,1.49,1086000,1.40429
2016-05-27,1.50,1.505,1.475,1.48,555600,1.39429


2016-05-30,1.475,1.495,1.46,1.46,620700,1.37429
2016-05-31,1.465,1.47,1.445,1.455,502400,1.36929
2016-06-01,1.45,1.45,1.425,1.43,560100,1.34429
2016-06-02,1.44,1.44,1.385,1.385,717400,1.29929
2016-06-03,1.40,1.425,1.397,1.40,626000,1.31429


2016-06-06,1.405,1.44,1.405,1.42,571100,1.33429
2016-06-07,1.43,1.46,1.43,1.44,407900,1.35429
2016-06-08,1.445,1.455,1.42,1.445,442100,1.35929
2016-06-09,1.44,1.455,1.44,1.45,565900,1.36429
2016-06-10,1.45,1.45,1.43,1.44,536400,1.35429


2016-06-13,1.44,1.44,1.44,1.44,000,1.35429
2016-06-14,1.44,1.44,1.405,1.41,634100,1.32429
