Date,Open,High,Low,Close,Volume,Adj Close
2015-01-01,0.19,0.19,0.19,0.19,000,0.19
2015-01-02,0.19,0.19,0.19,0.19,000,0.19
2015-01-05,0.19,0.19,0.19,0.19,000,0.19
2015-01-06,0.19,0.19,0.19,0.19,000,0.19
2015-01-07,0.19,0.19,0.19,0.19,000,0.19
2015-01-08,0.19,0.19,0.19,0.19,000,0.19
2015-01-09,0.19,0.19,0.19,0.19,000,0.19
2015-01-12,0.19,0.19,0.19,0.19,000,0.19
2015-01-13,0.19,0.19,0.19,0.19,000,0.19
2015-01-14,0.19,0.19,0.19,0.19,000,0.19
2015-01-15,0.19,0.19,0.19,0.19,000,0.19
2015-01-16,0.19,0.19,0.19,0.19,000,0.19
2015-01-19,0.19,0.19,0.19,0.19,000,0.19
2015-01-20,0.19,0.19,0.19,0.19,000,0.19
2015-01-21,0.19,0.19,0.19,0.19,000,0.19
2015-01-22,0.19,0.19,0.19,0.19,000,0.19
2015-01-23,0.19,0.19,0.19,0.19,000,0.19
2015-01-26,0.19,0.19,0.19,0.19,000,0.19
2015-01-27,0.20,0.20,0.20,0.20,45000,0.20
2015-01-28,0.20,0.20,0.20,0.20,000,0.20
2015-01-29,0.20,0.20,0.20,0.20,000,0.20
2015-01-30,0.20,0.20,0.20,0.20,000,0.20
2015-02-02,0.20,0.20,0.20,0.20,000,0.20
2015-02-03,0.21,0.22,0.21,0.22,29500,0.22
2015-02-04,0.22,0.22,0.22,0.22,000,0.22
2015-02-05,0.22,0.22,0.22,0.22,000,0.22
2015-02-06,0.22,0.22,0.22,0.22,000,0.22
2015-02-09,0.22,0.22,0.22,0.22,000,0.22
2015-02-10,0.22,0.22,0.22,0.22,000,0.22
2015-02-11,0.22,0.22,0.22,0.22,000,0.22
2015-02-12,0.23,0.23,0.22,0.22,39500,0.22
2015-02-13,0.22,0.23,0.22,0.23,40900,0.23
2015-02-16,0.23,0.23,0.23,0.23,000,0.23
2015-02-17,0.23,0.23,0.23,0.23,000,0.23
2015-02-18,0.23,0.23,0.23,0.23,000,0.23
2015-02-19,0.23,0.23,0.23,0.23,000,0.23
2015-02-20,0.23,0.23,0.23,0.23,000,0.23
2015-02-23,0.23,0.23,0.23,0.23,000,0.23
2015-02-24,0.21,0.21,0.21,0.21,2000,0.21
2015-02-25,0.21,0.21,0.21,0.21,45000,0.21
2015-02-26,0.21,0.21,0.21,0.21,000,0.21
2015-02-27,0.20,0.20,0.20,0.20,5000,0.20
2015-03-02,0.20,0.20,0.20,0.20,000,0.20
2015-03-03,0.20,0.20,0.20,0.20,000,0.20
2015-03-04,0.20,0.20,0.20,0.20,000,0.20
2015-03-05,0.21,0.21,0.21,0.21,7900,0.21
2015-03-06,0.21,0.21,0.21,0.21,000,0.21
2015-03-09,0.21,0.21,0.21,0.21,000,0.21
2015-03-10,0.21,0.21,0.21,0.21,000,0.21
2015-03-11,0.21,0.21,0.21,0.21,000,0.21
2015-03-12,0.20,0.20,0.20,0.20,350000,0.20
2015-03-13,0.20,0.20,0.20,0.20,000,0.20
2015-03-16,0.20,0.20,0.20,0.20,17000,0.20
2015-03-17,0.20,0.20,0.20,0.20,000,0.20
2015-03-18,0.20,0.20,0.20,0.20,000,0.20
2015-03-19,0.22,0.23,0.22,0.23,37600,0.23
2015-03-20,0.22,0.22,0.22,0.22,50800,0.22
2015-03-23,0.23,0.25,0.23,0.25,44800,0.25
2015-03-24,0.25,0.25,0.25,0.25,000,0.25
2015-03-25,0.25,0.25,0.25,0.25,000,0.25
2015-03-26,0.275,0.36,0.275,0.30,1070900,0.30
2015-03-27,0.27,0.28,0.265,0.275,244000,0.275
2015-03-30,0.275,0.28,0.275,0.28,73600,0.28
2015-03-31,0.28,0.28,0.27,0.27,39300,0.27
2015-04-01,0.26,0.27,0.25,0.27,225500,0.27
2015-04-02,0.27,0.30,0.27,0.30,59500,0.30
2015-04-03,0.30,0.30,0.30,0.30,000,0.30
2015-04-06,0.30,0.30,0.30,0.30,000,0.30
2015-04-07,0.28,0.28,0.28,0.28,46700,0.28
2015-04-08,0.28,0.285,0.28,0.28,155100,0.28
2015-04-09,0.28,0.28,0.28,0.28,000,0.28
2015-04-10,0.28,0.285,0.28,0.28,72000,0.28
2015-04-13,0.285,0.30,0.285,0.30,242200,0.30
2015-04-14,0.30,0.30,0.30,0.30,40000,0.30
2015-04-15,0.28,0.30,0.28,0.30,130900,0.30
2015-04-16,0.31,0.32,0.31,0.32,20000,0.32
2015-04-17,0.32,0.34,0.305,0.32,199700,0.32
2015-04-20,0.32,0.32,0.28,0.28,145000,0.28
2015-04-21,0.29,0.30,0.29,0.30,17200,0.30
2015-04-22,0.30,0.30,0.30,0.30,10000,0.30
2015-04-23,0.30,0.30,0.30,0.30,7300,0.30
2015-04-24,0.30,0.30,0.30,0.30,13000,0.30
2015-04-27,0.32,0.32,0.30,0.31,116700,0.31
2015-04-28,0.31,0.31,0.31,0.31,000,0.31
2015-04-29,0.31,0.31,0.31,0.31,000,0.31
2015-04-30,0.33,0.35,0.33,0.34,146500,0.34
2015-05-01,0.32,0.35,0.32,0.35,71500,0.35
2015-05-04,0.35,0.35,0.34,0.34,55500,0.34
2015-05-05,0.33,0.35,0.33,0.35,15000,0.35
2015-05-06,0.34,0.34,0.34,0.34,10000,0.34
2015-05-07,0.34,0.34,0.34,0.34,15000,0.34
2015-05-08,0.34,0.34,0.325,0.325,35000,0.325
2015-05-11,0.325,0.33,0.325,0.33,40000,0.33
2015-05-12,0.33,0.33,0.33,0.33,25000,0.33
2015-05-13,0.33,0.33,0.315,0.315,43300,0.315
2015-05-14,0.32,0.32,0.305,0.315,145800,0.315
2015-05-15,0.37,0.37,0.32,0.32,40400,0.32
2015-05-18,0.32,0.34,0.32,0.34,35000,0.34
2015-05-19,0.35,0.36,0.35,0.35,123400,0.35
2015-05-20,0.35,0.36,0.33,0.34,48000,0.34
2015-05-21,0.335,0.335,0.335,0.335,2500,0.335
2015-05-22,0.35,0.35,0.35,0.35,55000,0.35
2015-05-25,0.335,0.335,0.33,0.33,28400,0.33
2015-05-26,0.32,0.345,0.32,0.345,103900,0.345
2015-05-27,0.345,0.345,0.345,0.345,000,0.345
2015-05-28,0.325,0.325,0.325,0.325,19700,0.325
2015-05-29,0.34,0.34,0.325,0.325,46500,0.325
2015-06-01,0.33,0.33,0.32,0.32,101100,0.32
2015-06-02,0.315,0.315,0.31,0.31,112100,0.31
2015-06-03,0.32,0.335,0.32,0.335,56300,0.335
2015-06-04,0.33,0.34,0.33,0.34,98600,0.34
2015-06-05,0.34,0.34,0.34,0.34,000,0.34
2015-06-08,0.34,0.34,0.34,0.34,000,0.34
2015-06-09,0.34,0.34,0.34,0.34,000,0.34
2015-06-10,0.34,0.34,0.34,0.34,000,0.34
2015-06-11,0.34,0.34,0.34,0.34,000,0.34
2015-06-12,0.34,0.34,0.34,0.34,000,0.34
2015-06-15,0.34,0.34,0.34,0.34,000,0.34
2015-06-16,0.34,0.34,0.34,0.34,000,0.34
2015-06-17,0.34,0.34,0.34,0.34,000,0.34
2015-06-18,0.34,0.34,0.34,0.34,000,0.34
2015-06-19,0.34,0.34,0.34,0.34,000,0.34
2015-06-22,0.34,0.34,0.34,0.34,000,0.34
2015-06-23,0.34,0.34,0.34,0.34,000,0.34
2015-06-24,0.34,0.34,0.34,0.34,000,0.34
2015-06-25,0.34,0.34,0.34,0.34,000,0.34
2015-06-26,0.34,0.34,0.34,0.34,000,0.34
2015-06-29,0.34,0.34,0.34,0.34,000,0.34
2015-06-30,0.34,0.34,0.34,0.34,000,0.34
2015-07-01,0.34,0.34,0.34,0.34,000,0.34
2015-07-02,0.34,0.34,0.34,0.34,000,0.34
2015-07-03,0.34,0.34,0.34,0.34,000,0.34
2015-07-06,0.34,0.34,0.34,0.34,000,0.34
2015-07-07,0.36,0.42,0.33,0.42,2108700,0.42
2015-07-08,0.44,0.44,0.36,0.40,648500,0.40
2015-07-09,0.375,0.46,0.36,0.46,452900,0.46
2015-07-10,0.45,0.52,0.45,0.45,715000,0.45
2015-07-13,0.47,0.47,0.46,0.46,168700,0.46
2015-07-14,0.47,0.52,0.45,0.52,338700,0.52
2015-07-15,0.54,0.59,0.53,0.55,371700,0.55
2015-07-16,0.55,0.55,0.495,0.50,461800,0.50
2015-07-17,0.505,0.58,0.49,0.535,519000,0.535
2015-07-20,0.535,0.535,0.535,0.535,000,0.535
2015-07-21,0.65,0.68,0.59,0.595,3836100,0.595
2015-07-22,0.61,0.61,0.53,0.56,863100,0.56
2015-07-23,0.58,0.59,0.535,0.54,416000,0.54
2015-07-24,0.535,0.57,0.53,0.57,473100,0.57
2015-07-27,0.55,0.555,0.525,0.53,381000,0.53
2015-07-28,0.525,0.525,0.50,0.505,327700,0.505
2015-07-29,0.505,0.54,0.505,0.54,218600,0.54
2015-07-30,0.55,0.60,0.55,0.60,470200,0.60
2015-07-31,0.62,0.62,0.60,0.61,734900,0.61
2015-08-03,0.595,0.605,0.575,0.58,327700,0.58
2015-08-04,0.58,0.58,0.565,0.565,109000,0.565
2015-08-05,0.57,0.58,0.56,0.565,101000,0.565
2015-08-06,0.56,0.57,0.56,0.565,100800,0.565
2015-08-07,0.56,0.56,0.545,0.545,176300,0.545
2015-08-10,0.545,0.545,0.515,0.52,76000,0.52
2015-08-11,0.53,0.54,0.49,0.51,481800,0.51
2015-08-12,0.505,0.57,0.505,0.545,333500,0.545
2015-08-13,0.55,0.585,0.55,0.56,430500,0.56
2015-08-14,0.56,0.56,0.55,0.55,150900,0.55
2015-08-17,0.55,0.56,0.52,0.52,197100,0.52
2015-08-18,0.525,0.53,0.51,0.525,96600,0.525
2015-08-19,0.53,0.54,0.52,0.54,237100,0.54
2015-08-20,0.55,0.55,0.48,0.50,773800,0.50
2015-08-21,0.50,0.51,0.47,0.51,270400,0.51
2015-08-24,0.495,0.495,0.43,0.43,288400,0.43
2015-08-25,0.42,0.45,0.41,0.41,269300,0.41
2015-08-26,0.42,0.44,0.42,0.44,12800,0.44
2015-08-27,0.45,0.45,0.435,0.45,272600,0.45
2015-08-28,0.45,0.45,0.43,0.43,427100,0.43
2015-08-31,0.43,0.43,0.415,0.42,128100,0.42
2015-09-01,0.42,0.425,0.40,0.405,272400,0.405
2015-09-02,0.39,0.40,0.39,0.40,45400,0.40
2015-09-03,0.40,0.40,0.37,0.37,109400,0.37
2015-09-04,0.39,0.39,0.37,0.37,30700,0.37
2015-09-07,0.375,0.395,0.375,0.39,36300,0.39
2015-09-08,0.40,0.40,0.40,0.40,38000,0.40
2015-09-09,0.39,0.43,0.39,0.43,20000,0.43
2015-09-10,0.42,0.43,0.42,0.43,10000,0.43
2015-09-11,0.40,0.40,0.40,0.40,68800,0.40
2015-09-14,0.385,0.385,0.385,0.385,81100,0.385
2015-09-15,0.385,0.385,0.375,0.375,64800,0.375
2015-09-16,0.375,0.395,0.375,0.385,141600,0.385
2015-09-17,0.39,0.42,0.39,0.40,35800,0.40
2015-09-18,0.41,0.43,0.405,0.43,92800,0.43
2015-09-21,0.425,0.425,0.40,0.42,139200,0.42
2015-09-22,0.40,0.40,0.395,0.40,93400,0.40
2015-09-23,0.425,0.425,0.395,0.40,99000,0.40
2015-09-24,0.40,0.40,0.38,0.38,114200,0.38
2015-09-25,0.40,0.46,0.40,0.45,158900,0.45
2015-09-28,0.45,0.47,0.43,0.46,186900,0.46
2015-09-29,0.465,0.475,0.46,0.46,93800,0.46
2015-09-30,0.475,0.48,0.47,0.48,171300,0.48
2015-10-01,0.49,0.52,0.485,0.52,296700,0.52
2015-10-02,0.515,0.57,0.515,0.555,435300,0.555
2015-10-05,0.56,0.575,0.54,0.54,245100,0.54
2015-10-06,0.545,0.61,0.545,0.595,767400,0.595
2015-10-07,0.595,0.60,0.58,0.59,235200,0.59
2015-10-08,0.60,0.61,0.56,0.57,298600,0.57
2015-10-09,0.57,0.575,0.56,0.575,20000,0.575
2015-10-12,0.575,0.575,0.56,0.565,160200,0.565
2015-10-13,0.56,0.645,0.56,0.645,758200,0.645
2015-10-14,0.66,0.75,0.65,0.70,1325100,0.70
2015-10-15,0.695,0.735,0.695,0.73,435400,0.73
2015-10-16,0.74,0.79,0.73,0.735,898900,0.735
2015-10-19,0.76,0.795,0.75,0.76,706600,0.76
2015-10-20,0.76,0.76,0.715,0.74,422300,0.74
2015-10-21,0.74,0.745,0.71,0.715,252800,0.715
2015-10-22,0.715,0.75,0.715,0.75,193100,0.75
2015-10-23,0.745,0.75,0.70,0.72,308900,0.72
2015-10-26,0.725,0.745,0.725,0.74,73300,0.74
2015-10-27,0.74,0.74,0.66,0.68,663100,0.68
2015-10-28,0.67,0.705,0.66,0.70,324700,0.70
2015-10-29,0.705,0.71,0.70,0.71,122000,0.71
2015-10-30,0.72,0.72,0.67,0.68,84200,0.68
2015-11-02,0.67,0.68,0.63,0.63,198400,0.63
2015-11-03,0.635,0.64,0.625,0.63,154400,0.63
2015-11-04,0.63,0.64,0.62,0.62,186900,0.62
2015-11-05,0.61,0.61,0.60,0.60,178700,0.60
2015-11-06,0.60,0.625,0.60,0.62,120000,0.62
2015-11-09,0.625,0.645,0.625,0.63,170300,0.63
2015-11-10,0.625,0.675,0.625,0.66,162000,0.66
2015-11-11,0.66,0.69,0.66,0.69,319800,0.69
2015-11-12,0.70,0.75,0.70,0.75,345100,0.75
2015-11-13,0.75,0.75,0.73,0.74,158500,0.74
2015-11-16,0.73,0.73,0.685,0.685,116200,0.685
2015-11-17,0.695,0.695,0.68,0.69,99700,0.69
2015-11-18,0.685,0.685,0.65,0.665,110800,0.665
2015-11-19,0.67,0.72,0.67,0.71,306200,0.71
2015-11-20,0.725,0.725,0.70,0.72,134900,0.72
2015-11-23,0.73,0.78,0.73,0.745,253900,0.745
2015-11-24,0.75,0.755,0.745,0.745,106800,0.745
2015-11-25,0.73,0.74,0.69,0.70,201300,0.70
2015-11-26,0.71,0.82,0.71,0.82,1140000,0.82
2015-11-27,0.835,0.835,0.77,0.77,406100,0.77
2015-11-30,0.775,0.78,0.735,0.74,362100,0.74
2015-12-01,0.74,0.785,0.735,0.78,78600,0.78
2015-12-02,0.815,0.815,0.775,0.775,205200,0.775
2015-12-03,0.775,0.78,0.76,0.76,75800,0.76
2015-12-04,0.815,0.86,0.80,0.82,619400,0.82
2015-12-07,0.82,0.82,0.79,0.805,294900,0.805
2015-12-08,0.79,0.81,0.78,0.79,58800,0.79
2015-12-09,0.79,0.79,0.74,0.74,215000,0.74
2015-12-10,0.75,0.77,0.725,0.725,186700,0.725
2015-12-11,0.71,0.71,0.655,0.695,500500,0.695
2015-12-14,0.69,0.71,0.69,0.71,46700,0.71
2015-12-15,0.715,0.715,0.67,0.67,87900,0.67
2015-12-16,0.68,0.68,0.635,0.66,499900,0.66
2015-12-17,0.665,0.675,0.655,0.655,122100,0.655
2015-12-18,0.665,0.665,0.65,0.655,128200,0.655
2015-12-21,0.655,0.655,0.64,0.64,74000,0.64
2015-12-22,0.64,0.655,0.64,0.655,47800,0.655
2015-12-23,0.66,0.70,0.65,0.66,106800,0.66
2015-12-24,0.66,0.68,0.635,0.635,93300,0.635
2015-12-25,0.635,0.635,0.635,0.635,000,0.635
2015-12-28,0.635,0.635,0.635,0.635,000,0.635
2015-12-29,0.635,0.635,0.61,0.61,215300,0.61
2015-12-30,0.61,0.64,0.61,0.64,66100,0.64
2015-12-31,0.62,0.635,0.62,0.635,65400,0.635
2016-01-01,0.635,0.635,0.635,0.635,000,0.635
2016-01-04,0.63,0.63,0.56,0.585,282500,0.585
2016-01-05,0.585,0.595,0.57,0.57,45800,0.57
2016-01-06,0.57,0.575,0.57,0.575,45000,0.575
2016-01-07,0.575,0.575,0.57,0.57,36000,0.57
2016-01-08,0.56,0.57,0.55,0.57,69700,0.57
2016-01-11,0.555,0.64,0.55,0.64,135500,0.64
2016-01-12,0.64,0.64,0.56,0.56,152200,0.56
2016-01-13,0.58,0.595,0.56,0.58,32500,0.58
2016-01-14,0.59,0.59,0.53,0.55,140400,0.55
2016-01-15,0.555,0.58,0.54,0.54,228800,0.54
2016-01-18,0.55,0.60,0.55,0.60,104100,0.60
2016-01-19,0.64,0.645,0.63,0.645,69100,0.645
2016-01-20,0.705,0.75,0.65,0.655,1490900,0.655
2016-01-21,0.67,0.71,0.665,0.675,277600,0.675
2016-01-22,0.68,0.71,0.66,0.67,126500,0.67
2016-01-25,0.70,0.70,0.66,0.69,89500,0.69
2016-01-26,0.69,0.69,0.69,0.69,000,0.69
2016-01-27,0.70,0.70,0.665,0.665,35300,0.665
2016-01-28,0.665,0.665,0.62,0.62,99000,0.62
2016-01-29,0.63,0.635,0.625,0.625,127500,0.625
2016-02-01,0.65,0.68,0.64,0.655,296800,0.655
2016-02-02,0.67,0.67,0.64,0.64,126900,0.64
2016-02-03,0.64,0.64,0.58,0.635,849900,0.635
2016-02-04,0.63,0.66,0.63,0.66,253100,0.66
2016-02-05,0.65,0.69,0.65,0.69,486100,0.69
2016-02-08,0.70,0.725,0.70,0.70,165300,0.70
2016-02-09,0.64,0.66,0.61,0.66,116000,0.66
2016-02-10,0.665,0.675,0.655,0.67,259100,0.67
2016-02-11,0.66,0.69,0.655,0.69,141900,0.69
2016-02-12,0.675,0.69,0.64,0.69,196100,0.69
2016-02-15,0.69,0.695,0.68,0.695,293000,0.695
2016-02-16,0.70,0.70,0.665,0.665,277200,0.665
2016-02-17,0.67,0.71,0.67,0.70,215300,0.70
2016-02-18,0.705,0.705,0.66,0.67,431500,0.67
2016-02-19,0.66,0.665,0.655,0.655,87100,0.655
2016-02-22,0.66,0.66,0.63,0.63,705800,0.63
2016-02-23,0.655,0.67,0.64,0.655,180000,0.655
2016-02-24,0.655,0.66,0.625,0.66,89400,0.66
2016-02-25,0.665,0.67,0.65,0.65,124400,0.65
2016-02-26,0.65,0.65,0.495,0.53,713000,0.53
2016-02-29,0.50,0.565,0.50,0.565,196500,0.565
2016-03-01,0.525,0.54,0.515,0.54,271700,0.54
2016-03-02,0.545,0.56,0.525,0.525,175400,0.525
2016-03-03,0.52,0.53,0.48,0.48,263700,0.48
2016-03-04,0.465,0.475,0.45,0.45,260500,0.45
2016-03-07,0.45,0.49,0.45,0.475,58600,0.475
2016-03-08,0.475,0.475,0.45,0.45,64000,0.45
2016-03-09,0.455,0.455,0.45,0.45,25000,0.45
2016-03-10,0.45,0.47,0.45,0.47,23000,0.47
2016-03-11,0.48,0.545,0.48,0.545,71000,0.545
2016-03-14,0.545,0.545,0.545,0.545,000,0.545
2016-03-15,0.50,0.50,0.46,0.465,31800,0.465
2016-03-16,0.50,0.50,0.46,0.46,73800,0.46
2016-03-17,0.46,0.47,0.46,0.47,11200,0.47
2016-03-18,0.46,0.46,0.45,0.45,11600,0.45
2016-03-21,0.45,0.45,0.45,0.45,24800,0.45
2016-03-22,0.45,0.45,0.445,0.45,38200,0.45
2016-03-23,0.45,0.45,0.43,0.43,62200,0.43
2016-03-24,0.43,0.43,0.43,0.43,000,0.43
2016-03-25,0.43,0.43,0.43,0.43,000,0.43
2016-03-28,0.43,0.43,0.43,0.43,000,0.43
2016-03-29,0.435,0.44,0.42,0.42,56800,0.42
2016-03-30,0.42,0.425,0.38,0.40,90600,0.40
2016-03-31,0.415,0.42,0.40,0.42,102900,0.42
2016-04-01,0.44,0.445,0.44,0.445,39300,0.445
2016-04-04,0.44,0.44,0.425,0.425,71300,0.425
2016-04-05,0.44,0.44,0.425,0.425,15000,0.425
2016-04-06,0.435,0.44,0.40,0.40,151300,0.40
2016-04-07,0.40,0.405,0.39,0.395,58000,0.395
2016-04-08,0.45,0.45,0.45,0.45,1300,0.45
2016-04-11,0.45,0.45,0.395,0.41,31500,0.41
2016-04-12,0.435,0.435,0.415,0.415,25300,0.415
2016-04-13,0.42,0.425,0.405,0.405,35700,0.405
2016-04-14,0.41,0.43,0.405,0.41,43700,0.41
2016-04-15,0.42,0.42,0.41,0.41,8500,0.41


2016-04-18,0.41,0.415,0.38,0.38,228900,0.38
2016-04-19,0.38,0.38,0.35,0.35,51700,0.35
2016-04-20,0.35,0.35,0.30,0.325,721200,0.325
2016-04-21,0.33,0.345,0.315,0.34,349300,0.34
2016-04-22,0.365,0.415,0.345,0.35,624700,0.35


2016-04-25,0.35,0.35,0.35,0.35,000,0.35
2016-04-26,0.35,0.38,0.35,0.37,282400,0.37
2016-04-27,0.39,0.39,0.375,0.375,59900,0.375
2016-04-28,0.385,0.385,0.375,0.385,113200,0.385
2016-04-29,0.385,0.40,0.385,0.40,174400,0.40


2016-05-02,0.42,0.42,0.38,0.38,72200,0.38
2016-05-03,0.385,0.41,0.385,0.41,87000,0.41
2016-05-04,0.415,0.42,0.41,0.41,91000,0.41
2016-05-05,0.41,0.41,0.41,0.41,000,0.41
2016-05-06,0.41,0.42,0.40,0.41,63400,0.41


2016-05-09,0.44,0.44,0.40,0.405,56600,0.405
2016-05-10,0.40,0.415,0.395,0.415,41800,0.415
2016-05-11,0.42,0.42,0.39,0.39,162400,0.39
2016-05-12,0.40,0.40,0.37,0.38,139300,0.38
2016-05-13,0.38,0.38,0.36,0.36,246000,0.36


2016-05-16,0.365,0.37,0.35,0.35,293200,0.35
2016-05-17,0.36,0.36,0.36,0.36,20000,0.36
2016-05-18,0.34,0.34,0.325,0.33,215800,0.33
2016-05-19,0.35,0.35,0.35,0.35,15000,0.35
2016-05-20,0.36,0.36,0.36,0.36,40000,0.36


2016-05-23,0.36,0.36,0.335,0.335,54400,0.335
2016-05-24,0.335,0.35,0.335,0.35,16900,0.35
2016-05-25,0.35,0.35,0.33,0.34,148500,0.34
2016-05-26,0.34,0.34,0.34,0.34,000,0.34
2016-05-27,0.34,0.34,0.31,0.315,125300,0.315


2016-05-30,0.32,0.35,0.32,0.35,65400,0.35
2016-05-31,0.35,0.35,0.35,0.35,000,0.35
2016-06-01,0.395,0.45,0.395,0.40,705300,0.40
2016-06-02,0.40,0.42,0.385,0.40,347700,0.40
2016-06-03,0.405,0.42,0.395,0.395,116700,0.395


2016-06-06,0.385,0.39,0.375,0.375,105800,0.375
2016-06-07,0.38,0.415,0.38,0.41,13900,0.41
2016-06-08,0.41,0.41,0.38,0.38,61300,0.38
2016-06-09,0.38,0.40,0.38,0.40,53000,0.40
2016-06-10,0.395,0.395,0.375,0.385,54700,0.385


2016-06-13,0.385,0.385,0.385,0.385,000,0.385
2016-06-14,0.40,0.40,0.37,0.38,144100,0.38
