Date,Open,High,Low,Close,Volume,Adj Close
2015-01-01,2.19,2.19,2.19,2.19,000,2.19
2015-01-02,2.19,2.19,2.16,2.18,197600,2.18
2015-01-05,2.21,2.42,2.20,2.30,1648000,2.30
2015-01-06,2.28,2.28,2.15,2.20,674000,2.20
2015-01-07,2.18,2.20,2.10,2.14,1024100,2.14
2015-01-08,2.17,2.17,2.06,2.08,570800,2.08
2015-01-09,2.17,2.17,2.08,2.14,683300,2.14
2015-01-12,2.13,2.13,2.08,2.12,494300,2.12
2015-01-13,2.09,2.15,2.00,2.14,910300,2.14
2015-01-14,2.10,2.12,2.03,2.05,927300,2.05
2015-01-15,2.01,2.07,1.94,2.05,858200,2.05
2015-01-16,2.02,2.04,1.955,2.03,787600,2.03
2015-01-19,2.04,2.09,1.985,1.99,403100,1.99
2015-01-20,1.98,2.01,1.945,2.00,594600,2.00
2015-01-21,2.01,2.01,1.94,1.96,1418400,1.96
2015-01-22,1.96,1.96,1.85,1.85,1459500,1.85
2015-01-23,1.90,1.915,1.855,1.90,923800,1.90
2015-01-26,1.90,1.90,1.90,1.90,000,1.90
2015-01-27,1.90,1.94,1.855,1.885,1096200,1.885
2015-01-28,1.87,1.88,1.83,1.84,618200,1.84
2015-01-29,1.835,1.975,1.835,1.855,1212300,1.855
2015-01-30,1.87,1.88,1.765,1.795,2399500,1.795
2015-02-02,1.775,1.795,1.71,1.73,1522800,1.73
2015-02-03,1.735,1.74,1.685,1.715,2625900,1.715
2015-02-04,1.73,1.78,1.69,1.70,3691100,1.70
2015-02-05,1.71,1.71,1.65,1.69,1484900,1.69
2015-02-06,1.71,1.73,1.665,1.685,841300,1.685
2015-02-09,1.70,1.75,1.685,1.74,1604500,1.74
2015-02-10,1.75,1.75,1.67,1.675,875000,1.675
2015-02-11,1.69,1.70,1.605,1.625,933600,1.625
2015-02-12,1.63,1.645,1.57,1.63,1381500,1.63
2015-02-13,1.645,1.72,1.63,1.685,1435400,1.685
2015-02-16,1.705,1.87,1.70,1.84,1227000,1.84
2015-02-17,1.845,1.91,1.80,1.895,1174100,1.895
2015-02-18,1.91,1.92,1.815,1.90,1413500,1.90
2015-02-19,1.91,1.925,1.87,1.91,740700,1.91
2015-02-20,1.925,1.97,1.91,1.96,1082700,1.96
2015-02-23,1.80,1.865,1.65,1.85,2934400,1.85
2015-02-24,1.77,1.78,1.65,1.75,2836600,1.75
2015-02-25,1.74,1.78,1.68,1.78,1785100,1.78
2015-02-26,1.77,1.775,1.70,1.74,1305700,1.74
2015-02-27,1.73,1.755,1.70,1.735,1553500,1.735
2015-03-02,1.74,1.745,1.66,1.665,1356000,1.665
2015-03-03,1.68,1.70,1.655,1.68,973600,1.68
2015-03-04,1.69,1.695,1.63,1.635,866800,1.635
2015-03-05,1.64,1.66,1.625,1.64,1207800,1.64
2015-03-06,1.64,1.645,1.61,1.625,875900,1.625
2015-03-09,1.605,1.63,1.55,1.59,935400,1.59
2015-03-10,1.59,1.59,1.54,1.545,1301100,1.545
2015-03-11,1.53,1.53,1.47,1.495,1369700,1.495
2015-03-12,1.50,1.56,1.50,1.545,1042400,1.545
2015-03-13,1.53,1.62,1.52,1.615,1182500,1.615
2015-03-16,1.595,1.595,1.515,1.54,770800,1.54
2015-03-17,1.545,1.547,1.495,1.52,1341600,1.52
2015-03-18,1.52,1.525,1.485,1.50,1209400,1.50
2015-03-19,1.50,1.54,1.495,1.51,2423500,1.51
2015-03-20,1.51,1.51,1.47,1.47,1991000,1.47
2015-03-23,1.50,1.53,1.475,1.52,903900,1.52
2015-03-24,1.505,1.615,1.505,1.60,1776200,1.60
2015-03-25,1.65,1.675,1.58,1.595,1488500,1.595
2015-03-26,1.59,1.59,1.545,1.55,1034600,1.55
2015-03-27,1.525,1.57,1.50,1.515,1212900,1.515
2015-03-30,1.50,1.505,1.435,1.465,1883300,1.465
2015-03-31,1.485,1.485,1.435,1.455,1238400,1.455
2015-04-01,1.43,1.44,1.35,1.375,1858500,1.375
2015-04-02,1.37,1.37,1.31,1.33,1781600,1.33
2015-04-03,1.33,1.33,1.33,1.33,000,1.33
2015-04-06,1.33,1.33,1.33,1.33,000,1.33
2015-04-07,1.335,1.41,1.317,1.40,2332600,1.40
2015-04-08,1.40,1.50,1.385,1.49,1952100,1.49
2015-04-09,1.49,1.555,1.45,1.55,1791500,1.55
2015-04-10,1.55,1.555,1.465,1.52,766200,1.52
2015-04-13,1.515,1.535,1.43,1.435,1006100,1.435
2015-04-14,1.435,1.435,1.39,1.40,1811200,1.40
2015-04-15,1.415,1.525,1.415,1.495,1661100,1.495
2015-04-16,1.55,1.655,1.545,1.645,1875900,1.645
2015-04-17,1.65,1.65,1.58,1.63,1375800,1.63
2015-04-20,1.63,1.63,1.52,1.535,1159600,1.535
2015-04-21,1.555,1.595,1.545,1.59,946700,1.59
2015-04-22,1.585,1.62,1.56,1.615,924500,1.615
2015-04-23,1.62,1.695,1.62,1.685,1129800,1.685
2015-04-24,1.695,1.695,1.64,1.675,667600,1.675
2015-04-27,1.675,1.69,1.59,1.63,1135300,1.63
2015-04-28,1.625,1.69,1.60,1.655,1015000,1.655
2015-04-29,1.65,1.735,1.615,1.695,1227300,1.695
2015-04-30,1.65,1.79,1.65,1.745,1173600,1.745
2015-05-01,1.73,1.835,1.73,1.83,797900,1.83
2015-05-04,1.855,1.895,1.825,1.855,2194700,1.855
2015-05-05,1.865,1.90,1.855,1.88,3216400,1.88
2015-05-06,1.84,1.90,1.825,1.89,1377700,1.89
2015-05-07,1.85,1.965,1.85,1.945,1336400,1.945
2015-05-08,1.95,1.975,1.825,1.86,915800,1.86
2015-05-11,1.865,2.09,1.865,2.09,1375900,2.09
2015-05-12,2.08,2.17,1.995,2.14,1161100,2.14
2015-05-13,2.16,2.20,2.07,2.13,898400,2.13
2015-05-14,2.14,2.20,2.09,2.16,733900,2.16
2015-05-15,2.17,2.20,2.09,2.15,1442300,2.15
2015-05-18,2.16,2.20,2.08,2.09,557500,2.09
2015-05-19,2.10,2.24,2.07,2.23,1410100,2.23
2015-05-20,2.24,2.48,2.24,2.36,1198300,2.36
2015-05-21,2.38,2.39,2.28,2.31,1077400,2.31
2015-05-22,2.34,2.36,2.21,2.27,1276700,2.27
2015-05-25,2.25,2.34,2.18,2.31,398900,2.31
2015-05-26,2.33,2.40,2.32,2.34,717000,2.34
2015-05-27,2.34,2.47,2.32,2.41,1525900,2.41
2015-05-28,2.44,2.525,2.41,2.46,1461200,2.46
2015-05-29,2.50,2.54,2.25,2.32,7231500,2.32
2015-06-01,2.40,2.58,2.40,2.56,2479600,2.56
2015-06-02,2.57,2.58,2.42,2.56,2088300,2.56
2015-06-03,2.55,2.57,2.46,2.54,932700,2.54
2015-06-04,2.53,2.58,2.52,2.56,872000,2.56
2015-06-05,2.53,2.55,2.50,2.53,937800,2.53
2015-06-08,2.53,2.53,2.53,2.53,000,2.53
2015-06-09,2.54,2.57,2.51,2.55,1037500,2.55
2015-06-10,2.57,2.68,2.55,2.61,1047400,2.61
2015-06-11,2.63,2.64,2.51,2.59,1297200,2.59
2015-06-12,2.61,2.72,2.59,2.71,937300,2.71
2015-06-15,2.75,2.77,2.67,2.70,962200,2.70
2015-06-16,2.72,2.72,2.65,2.70,952200,2.70
2015-06-17,2.68,2.69,2.53,2.56,1816500,2.56
2015-06-18,2.53,2.57,2.51,2.55,2023700,2.55
2015-06-19,2.55,2.66,2.47,2.49,2492400,2.49
2015-06-22,2.46,2.48,2.40,2.42,1637800,2.42
2015-06-23,2.42,2.435,2.31,2.31,1383800,2.31
2015-06-24,2.35,2.36,2.24,2.27,2595600,2.27
2015-06-25,2.28,2.30,2.17,2.17,1610500,2.17
2015-06-26,2.14,2.15,2.05,2.08,1369000,2.08
2015-06-29,2.06,2.23,2.01,2.21,1215300,2.21
2015-06-30,2.12,2.17,2.07,2.12,959800,2.12
2015-07-01,2.10,2.14,2.10,2.11,500800,2.11
2015-07-02,2.13,2.16,2.11,2.15,420800,2.15
2015-07-03,2.13,2.14,2.09,2.10,477400,2.10
2015-07-06,2.08,2.08,1.905,1.985,1159300,1.985
2015-07-07,1.98,2.05,1.975,2.00,322000,2.00
2015-07-08,1.975,2.02,1.972,1.985,921100,1.985
2015-07-09,1.97,2.055,1.957,2.04,758500,2.04
2015-07-10,2.05,2.12,2.01,2.03,503000,2.03
2015-07-13,2.02,2.05,2.00,2.02,907500,2.02
2015-07-14,2.07,2.10,2.07,2.09,827800,2.09
2015-07-15,2.11,2.18,2.11,2.16,772100,2.16
2015-07-16,2.21,2.21,2.15,2.16,921300,2.16
2015-07-17,2.19,2.20,2.16,2.18,820600,2.18
2015-07-20,2.20,2.22,2.18,2.22,837600,2.22
2015-07-21,2.22,2.24,2.20,2.21,1001300,2.21
2015-07-22,2.22,2.25,2.21,2.23,760800,2.23
2015-07-23,2.21,2.21,2.17,2.20,707200,2.20
2015-07-24,2.17,2.18,2.13,2.16,611900,2.16
2015-07-27,2.13,2.18,2.13,2.15,439600,2.15
2015-07-28,2.12,2.16,2.09,2.15,932200,2.15
2015-07-29,2.17,2.18,2.12,2.14,800000,2.14
2015-07-30,2.16,2.17,2.05,2.06,665100,2.06
2015-07-31,2.06,2.06,1.965,1.985,1635100,1.985
2015-08-03,1.98,1.98,1.73,1.82,3753900,1.82
2015-08-04,1.80,1.885,1.66,1.75,2077800,1.75
2015-08-05,1.73,1.952,1.73,1.86,1426800,1.86
2015-08-06,1.84,1.855,1.735,1.755,835900,1.755
2015-08-07,1.725,1.775,1.72,1.75,640300,1.75
2015-08-10,1.75,1.765,1.74,1.76,874800,1.76
2015-08-11,1.78,1.78,1.74,1.75,927800,1.75
2015-08-12,1.725,1.755,1.69,1.705,931400,1.705
2015-08-13,1.71,1.73,1.655,1.70,901600,1.70
2015-08-14,1.73,1.73,1.65,1.695,975300,1.695
2015-08-17,1.70,1.7025,1.67,1.70,546200,1.70
2015-08-18,1.675,1.71,1.66,1.70,1265500,1.70
2015-08-19,1.695,1.695,1.63,1.69,1359400,1.69
2015-08-20,1.65,1.665,1.61,1.63,751700,1.63
2015-08-21,1.64,1.845,1.625,1.83,1555700,1.83
2015-08-24,1.79,1.79,1.67,1.75,1711900,1.75
2015-08-25,1.72,2.04,1.72,1.87,2770300,1.87
2015-08-26,1.855,1.965,1.77,1.78,3703300,1.78
2015-08-27,1.82,1.90,1.765,1.885,1732000,1.885
2015-08-28,1.94,1.95,1.755,1.85,3151900,1.85
2015-08-31,1.85,2.02,1.85,2.00,1955100,2.00
2015-09-01,1.975,1.995,1.86,1.885,1619700,1.885
2015-09-02,1.86,2.00,1.835,1.985,1368400,1.985
2015-09-03,2.01,2.01,1.90,1.935,690400,1.935
2015-09-04,1.95,1.98,1.80,1.825,1046900,1.825
2015-09-07,1.83,1.90,1.775,1.845,1018000,1.845
2015-09-08,1.855,1.975,1.855,1.97,1021000,1.97
2015-09-09,2.00,2.05,1.955,1.975,1044000,1.975
2015-09-10,1.91,1.94,1.875,1.91,630900,1.91
2015-09-11,1.92,1.975,1.88,1.96,739400,1.96
2015-09-14,1.97,1.97,1.865,1.875,635900,1.875
2015-09-15,1.87,1.93,1.845,1.905,834300,1.905
2015-09-16,1.92,1.925,1.86,1.87,771700,1.87
2015-09-17,1.935,2.00,1.915,1.97,1040800,1.97
2015-09-18,1.97,2.07,1.96,2.07,3819800,2.07
2015-09-21,2.00,2.05,1.98,2.02,569900,2.02
2015-09-22,2.02,2.02,1.98,1.99,585300,1.99
2015-09-23,2.00,2.04,1.94,1.97,522400,1.97
2015-09-24,2.00,2.00,1.92,1.97,388600,1.97
2015-09-25,1.92,1.945,1.765,1.815,1489800,1.815
2015-09-28,1.815,1.88,1.79,1.87,551600,1.87
2015-09-29,1.84,1.92,1.83,1.90,1142600,1.90
2015-09-30,1.90,1.90,1.835,1.88,642000,1.88
2015-10-01,1.89,1.97,1.88,1.97,1405300,1.97
2015-10-02,1.97,2.10,1.945,2.07,1346700,2.07
2015-10-05,2.07,2.14,2.07,2.11,237600,2.11
2015-10-06,2.11,2.25,2.11,2.13,1183500,2.13
2015-10-07,2.16,2.23,2.15,2.23,764100,2.23
2015-10-08,2.21,2.23,2.08,2.16,898800,2.16
2015-10-09,2.17,2.39,2.17,2.37,822100,2.37
2015-10-12,2.32,2.44,2.32,2.41,746700,2.41
2015-10-13,2.45,2.45,2.23,2.32,1117500,2.32
2015-10-14,2.30,2.44,2.23,2.39,1322200,2.39
2015-10-15,2.37,2.45,2.32,2.40,592200,2.40
2015-10-16,2.42,2.50,2.40,2.49,838200,2.49
2015-10-19,2.50,2.50,2.38,2.43,504500,2.43
2015-10-20,2.38,2.40,2.25,2.29,527900,2.29
2015-10-21,2.32,2.48,2.32,2.42,604100,2.42
2015-10-22,2.45,2.45,2.25,2.31,1155600,2.31
2015-10-23,2.35,2.43,2.35,2.42,871800,2.42
2015-10-26,2.44,2.45,2.38,2.41,190600,2.41
2015-10-27,2.39,2.44,2.38,2.43,402500,2.43
2015-10-28,2.39,2.45,2.30,2.40,496300,2.40
2015-10-29,2.30,2.43,2.29,2.37,548300,2.37
2015-10-30,2.37,2.40,2.21,2.28,716600,2.28
2015-11-02,2.30,2.49,2.29,2.45,810900,2.45
2015-11-03,2.45,2.60,2.41,2.58,812800,2.58
2015-11-04,2.61,2.68,2.46,2.54,917500,2.54
2015-11-05,2.55,2.65,2.52,2.60,385300,2.60
2015-11-06,2.59,2.68,2.59,2.64,386400,2.64
2015-11-09,2.62,2.62,2.51,2.58,349700,2.58
2015-11-10,2.46,2.50,2.45,2.48,358500,2.48
2015-11-11,2.50,2.51,2.38,2.42,240200,2.42
2015-11-12,2.42,2.43,2.35,2.41,234000,2.41
2015-11-13,2.39,2.39,2.26,2.35,311600,2.35
2015-11-16,2.30,2.39,2.30,2.36,206300,2.36
2015-11-17,2.43,2.47,2.34,2.42,426500,2.42
2015-11-18,2.33,2.50,2.33,2.49,364000,2.49
2015-11-19,2.51,2.62,2.51,2.60,350500,2.60
2015-11-20,2.62,2.64,2.57,2.58,268300,2.58
2015-11-23,2.57,2.59,2.50,2.54,427200,2.54
2015-11-24,2.51,2.54,2.50,2.50,186200,2.50
2015-11-25,2.52,2.52,2.47,2.50,218500,2.50
2015-11-26,2.475,2.51,2.47,2.49,166300,2.49
2015-11-27,2.51,2.54,2.50,2.54,88700,2.54
2015-11-30,2.54,2.54,2.43,2.44,269000,2.44
2015-12-01,2.43,2.46,2.37,2.44,222400,2.44
2015-12-02,2.37,2.42,2.32,2.37,270800,2.37
2015-12-03,2.41,2.41,2.32,2.37,328400,2.37
2015-12-04,2.32,2.35,2.30,2.33,489600,2.33
2015-12-07,2.39,2.47,2.33,2.47,702300,2.47
2015-12-08,2.45,2.47,2.38,2.46,248600,2.46
2015-12-09,2.43,2.43,2.35,2.37,92800,2.37
2015-12-10,2.37,2.41,2.33,2.41,259900,2.41
2015-12-11,2.35,2.43,2.35,2.39,104600,2.39
2015-12-14,2.35,2.38,2.21,2.21,357300,2.21
2015-12-15,2.24,2.25,2.08,2.08,616800,2.08
2015-12-16,2.14,2.16,2.07,2.12,1501200,2.12
2015-12-17,2.12,2.28,2.12,2.14,1239700,2.14
2015-12-18,2.21,2.31,2.16,2.30,370500,2.30
2015-12-21,2.24,2.245,2.19,2.23,1201700,2.23
2015-12-22,2.26,2.26,2.21,2.22,459100,2.22
2015-12-23,2.21,2.36,2.21,2.35,323500,2.35
2015-12-24,2.31,2.40,2.30,2.39,111300,2.39
2015-12-25,2.39,2.39,2.39,2.39,000,2.39
2015-12-28,2.39,2.39,2.39,2.39,000,2.39
2015-12-29,2.35,2.43,2.29,2.38,137800,2.38
2015-12-30,2.31,2.48,2.31,2.48,219600,2.48
2015-12-31,2.41,2.48,2.41,2.43,58500,2.43
2016-01-01,2.43,2.43,2.43,2.43,000,2.43
2016-01-04,2.45,2.48,2.41,2.45,135700,2.45
2016-01-05,2.38,2.39,2.31,2.32,178300,2.32
2016-01-06,2.31,2.43,2.31,2.36,101500,2.36
2016-01-07,2.32,2.36,2.28,2.34,136200,2.34
2016-01-08,2.26,2.29,2.21,2.28,293700,2.28
2016-01-11,2.21,2.37,2.21,2.37,212500,2.37
2016-01-12,2.40,2.40,2.33,2.34,242500,2.34
2016-01-13,2.34,2.36,2.23,2.34,217700,2.34
2016-01-14,2.23,2.29,2.23,2.26,138800,2.26
2016-01-15,2.24,2.44,2.24,2.42,245600,2.42
2016-01-18,2.40,2.57,2.35,2.57,449300,2.57
2016-01-19,2.55,2.59,2.35,2.38,2092200,2.38
2016-01-20,2.39,2.415,2.31,2.35,189000,2.35
2016-01-21,2.29,2.34,2.24,2.29,277100,2.29
2016-01-22,2.31,2.32,2.17,2.20,2458000,2.20
2016-01-25,2.21,2.30,2.21,2.26,149000,2.26
2016-01-26,2.26,2.26,2.26,2.26,000,2.26
2016-01-27,2.26,2.30,2.23,2.25,235000,2.25
2016-01-28,2.25,2.27,2.16,2.25,297000,2.25
2016-01-29,2.22,2.24,2.14,2.20,503800,2.20
2016-02-01,2.26,2.26,2.18,2.24,378100,2.24
2016-02-02,2.24,2.29,2.22,2.24,121800,2.24
2016-02-03,2.25,2.27,2.19,2.21,209600,2.21
2016-02-04,2.21,2.23,2.16,2.20,242100,2.20
2016-02-05,2.16,2.22,2.16,2.20,226800,2.20
2016-02-08,2.22,2.22,2.15,2.20,128700,2.20
2016-02-09,2.19,2.19,2.11,2.17,246300,2.17
2016-02-10,2.13,2.19,2.09,2.17,302900,2.17
2016-02-11,2.13,2.20,2.11,2.20,125100,2.20
2016-02-12,2.15,2.20,2.13,2.15,365700,2.15
2016-02-15,2.21,2.23,2.10,2.18,552100,2.18
2016-02-16,2.19,2.235,2.08,2.19,384700,2.19
2016-02-17,2.15,2.30,2.15,2.28,504100,2.28
2016-02-18,2.30,2.43,2.30,2.40,590900,2.40
2016-02-19,2.40,2.44,2.35,2.40,331100,2.40
2016-02-22,2.40,2.79,2.35,2.66,1661800,2.66
2016-02-23,2.67,2.95,2.67,2.90,880900,2.90
2016-02-24,2.85,2.90,2.79,2.84,869700,2.84
2016-02-25,2.80,2.87,2.78,2.83,1395800,2.83
2016-02-26,2.84,2.93,2.79,2.90,425000,2.90
2016-02-29,2.91,2.92,2.86,2.87,779600,2.87
2016-03-01,2.88,3.05,2.87,3.02,2024600,3.02
2016-03-02,2.95,3.38,2.94,3.30,1087100,3.30
2016-03-03,3.32,3.48,3.29,3.39,1864500,3.39
2016-03-04,3.44,3.45,3.29,3.35,828800,3.35
2016-03-07,3.40,3.46,3.37,3.43,1187500,3.43
2016-03-08,3.47,3.49,3.32,3.35,985400,3.35
2016-03-09,3.30,3.46,3.28,3.40,904600,3.40
2016-03-10,3.41,3.43,3.38,3.40,536700,3.40
2016-03-11,3.42,3.42,3.37,3.40,277500,3.40
2016-03-14,3.43,3.45,3.37,3.41,312400,3.41
2016-03-15,3.42,3.48,3.38,3.39,510200,3.39
2016-03-16,3.39,3.39,3.23,3.26,389300,3.26
2016-03-17,3.26,3.33,3.25,3.27,680600,3.27
2016-03-18,3.26,3.32,3.19,3.19,1005200,3.19
2016-03-21,3.25,3.25,3.13,3.18,729300,3.18
2016-03-22,3.16,3.19,3.15,3.16,654600,3.16
2016-03-23,3.10,3.17,3.10,3.14,372300,3.14
2016-03-24,3.10,3.19,3.08,3.10,641900,3.10
2016-03-25,3.10,3.10,3.10,3.10,000,3.10
2016-03-28,3.10,3.10,3.10,3.10,000,3.10
2016-03-29,3.11,3.24,3.11,3.20,609700,3.20
2016-03-30,3.22,3.25,3.10,3.14,349100,3.14
2016-03-31,3.16,3.21,3.10,3.11,297300,3.11
2016-04-01,3.11,3.23,3.11,3.18,659900,3.18
2016-04-04,3.14,3.17,3.00,3.08,368400,3.08
2016-04-05,3.04,3.12,2.88,3.11,359100,3.11
2016-04-06,3.08,3.11,3.04,3.11,431400,3.11
2016-04-07,3.03,3.18,3.03,3.12,526800,3.12
2016-04-08,3.11,3.14,3.06,3.10,274400,3.10
2016-04-11,3.06,3.08,2.95,3.00,152200,3.00
2016-04-12,3.00,3.04,2.97,3.02,281700,3.02
2016-04-13,3.00,3.01,2.93,2.94,810900,2.94
2016-04-14,2.94,2.99,2.91,2.94,403100,2.94
2016-04-15,3.00,3.17,2.95,3.11,434800,3.11


2016-04-18,3.11,3.12,3.05,3.09,379600,3.09
2016-04-19,3.10,3.10,3.05,3.08,307700,3.08
2016-04-20,3.05,3.13,3.05,3.10,400000,3.10
2016-04-21,3.09,3.20,3.08,3.17,666200,3.17
2016-04-22,3.17,3.18,3.09,3.11,387500,3.11


2016-04-25,3.11,3.11,3.11,3.11,000,3.11
2016-04-26,3.08,3.15,3.06,3.11,401000,3.11
2016-04-27,3.13,3.16,3.09,3.11,190700,3.11
2016-04-28,3.11,3.15,3.08,3.11,516400,3.11
2016-04-29,3.10,3.20,3.10,3.16,214200,3.16


2016-05-02,3.16,3.20,3.16,3.20,527700,3.20
2016-05-03,3.16,3.25,3.16,3.19,454100,3.19
2016-05-04,3.16,3.19,3.09,3.11,232500,3.11
2016-05-05,3.16,3.24,3.13,3.24,388800,3.24
2016-05-06,3.16,3.27,3.16,3.21,310900,3.21


2016-05-09,3.17,3.23,3.14,3.23,223300,3.23
2016-05-10,3.18,3.20,3.13,3.18,248600,3.18
2016-05-11,3.18,3.23,3.18,3.23,246900,3.23
2016-05-12,3.23,3.27,3.19,3.25,248100,3.25
2016-05-13,3.22,3.25,3.14,3.17,485200,3.17


2016-05-16,3.17,3.22,3.17,3.20,269800,3.20
2016-05-17,3.19,3.20,3.15,3.18,308600,3.18
2016-05-18,3.18,3.18,3.12,3.16,292100,3.16
2016-05-19,3.15,3.15,3.09,3.11,341300,3.11
2016-05-20,3.16,3.34,3.16,3.28,662000,3.28


2016-05-23,3.30,3.35,3.25,3.27,367500,3.27
2016-05-24,3.27,3.29,3.22,3.24,241300,3.24
2016-05-25,3.25,3.39,3.24,3.36,393100,3.36
2016-05-26,3.38,3.40,3.36,3.38,243000,3.38
2016-05-27,3.38,3.44,3.36,3.40,299500,3.40


2016-05-30,3.40,3.45,3.40,3.42,205600,3.42
2016-05-31,3.42,3.45,3.42,3.43,178600,3.43
2016-06-01,3.43,3.48,3.40,3.46,335500,3.46
2016-06-02,3.49,3.69,3.46,3.67,440800,3.67
2016-06-03,3.68,3.72,3.42,3.45,566400,3.45


2016-06-06,3.05,3.05,2.24,2.30,4523600,2.30
2016-06-07,2.19,2.28,2.115,2.18,2682700,2.18
2016-06-08,2.20,2.205,2.10,2.14,932300,2.14
2016-06-09,2.13,2.21,2.08,2.19,709400,2.19
2016-06-10,2.21,2.24,2.14,2.18,957100,2.18


2016-06-13,2.18,2.18,2.18,2.18,000,2.18
2016-06-14,2.14,2.14,2.05,2.12,1487200,2.12
