Date,Open,High,Low,Close,Volume,Adj Close
2015-01-01,0.155,0.155,0.155,0.155,000,0.155
2015-01-02,0.155,0.155,0.155,0.155,000,0.155
2015-01-05,0.155,0.155,0.155,0.155,000,0.155
2015-01-06,0.155,0.155,0.155,0.155,000,0.155
2015-01-07,0.155,0.155,0.155,0.155,000,0.155
2015-01-08,0.13,0.13,0.12,0.12,102500,0.12
2015-01-09,0.12,0.12,0.12,0.12,000,0.12
2015-01-12,0.12,0.12,0.12,0.12,500,0.12
2015-01-13,0.12,0.12,0.12,0.12,000,0.12
2015-01-14,0.12,0.12,0.12,0.12,000,0.12
2015-01-15,0.12,0.12,0.12,0.12,000,0.12
2015-01-16,0.12,0.12,0.12,0.12,000,0.12
2015-01-19,0.12,0.12,0.12,0.12,000,0.12
2015-01-20,0.12,0.12,0.12,0.12,000,0.12
2015-01-21,0.12,0.12,0.12,0.12,000,0.12
2015-01-22,0.12,0.12,0.12,0.12,000,0.12
2015-01-23,0.12,0.12,0.12,0.12,000,0.12
2015-01-26,0.12,0.12,0.12,0.12,000,0.12
2015-01-27,0.12,0.12,0.12,0.12,000,0.12
2015-01-28,0.12,0.12,0.12,0.12,000,0.12
2015-01-29,0.12,0.12,0.12,0.12,000,0.12
2015-01-30,0.12,0.12,0.12,0.12,000,0.12
2015-02-02,0.12,0.12,0.12,0.12,000,0.12
2015-02-03,0.12,0.12,0.12,0.12,000,0.12
2015-02-04,0.12,0.12,0.12,0.12,000,0.12
2015-02-05,0.12,0.12,0.12,0.12,000,0.12
2015-02-06,0.12,0.12,0.12,0.12,000,0.12
2015-02-09,0.12,0.12,0.12,0.12,000,0.12
2015-02-10,0.12,0.12,0.12,0.12,000,0.12
2015-02-11,0.12,0.12,0.12,0.12,000,0.12
2015-02-12,0.12,0.12,0.12,0.12,000,0.12
2015-02-13,0.12,0.12,0.12,0.12,000,0.12
2015-02-16,0.08,0.08,0.08,0.08,4500,0.08
2015-02-17,0.07,0.07,0.07,0.07,71400,0.07
2015-02-18,0.07,0.07,0.07,0.07,000,0.07
2015-02-19,0.07,0.07,0.07,0.07,000,0.07
2015-02-20,0.07,0.07,0.07,0.07,000,0.07
2015-02-23,0.07,0.07,0.07,0.07,000,0.07
2015-02-24,0.07,0.07,0.07,0.07,000,0.07
2015-02-25,0.07,0.07,0.07,0.07,000,0.07
2015-02-26,0.07,0.07,0.07,0.07,000,0.07
2015-02-27,0.07,0.07,0.07,0.07,000,0.07
2015-03-02,0.07,0.07,0.07,0.07,000,0.07
2015-03-03,0.07,0.07,0.07,0.07,000,0.07
2015-03-04,0.07,0.07,0.07,0.07,000,0.07
2015-03-05,0.07,0.07,0.07,0.07,000,0.07
2015-03-06,0.07,0.07,0.07,0.07,000,0.07
2015-03-09,0.07,0.07,0.07,0.07,000,0.07
2015-03-10,0.07,0.07,0.07,0.07,000,0.07
2015-03-11,0.07,0.07,0.07,0.07,000,0.07
2015-03-12,0.07,0.07,0.07,0.07,000,0.07
2015-03-13,0.066,0.07,0.066,0.07,13200,0.07
2015-03-16,0.07,0.07,0.07,0.07,000,0.07
2015-03-17,0.07,0.07,0.07,0.07,000,0.07
2015-03-18,0.07,0.07,0.07,0.07,5400,0.07
2015-03-19,0.07,0.07,0.07,0.07,63300,0.07
2015-03-20,0.07,0.07,0.07,0.07,000,0.07
2015-03-23,0.07,0.07,0.07,0.07,000,0.07
2015-03-24,0.07,0.07,0.07,0.07,000,0.07
2015-03-25,0.07,0.07,0.07,0.07,000,0.07
2015-03-26,0.07,0.07,0.07,0.07,000,0.07
2015-03-27,0.07,0.07,0.07,0.07,000,0.07
2015-03-30,0.07,0.07,0.07,0.07,000,0.07
2015-03-31,0.07,0.07,0.07,0.07,57300,0.07
2015-04-01,0.07,0.07,0.07,0.07,000,0.07
2015-04-02,0.07,0.07,0.07,0.07,000,0.07
2015-04-03,0.07,0.07,0.07,0.07,000,0.07
2015-04-06,0.07,0.07,0.07,0.07,000,0.07
2015-04-07,0.07,0.07,0.07,0.07,5600,0.07
2015-04-08,0.07,0.07,0.07,0.07,000,0.07
2015-04-09,0.07,0.07,0.07,0.07,000,0.07
2015-04-10,0.07,0.07,0.07,0.07,000,0.07
2015-04-13,0.07,0.07,0.07,0.07,000,0.07
2015-04-14,0.07,0.07,0.07,0.07,000,0.07
2015-04-15,0.06,0.06,0.06,0.06,2200,0.06
2015-04-16,0.06,0.06,0.06,0.06,000,0.06
2015-04-17,0.06,0.06,0.06,0.06,000,0.06
2015-04-20,0.06,0.06,0.06,0.06,000,0.06
2015-04-21,0.06,0.06,0.06,0.06,000,0.06
2015-04-22,0.062,0.062,0.062,0.062,10000,0.062
2015-04-23,0.063,0.063,0.063,0.063,4500,0.063
2015-04-24,0.063,0.063,0.063,0.063,000,0.063
2015-04-27,0.063,0.063,0.063,0.063,000,0.063
2015-04-28,0.063,0.063,0.063,0.063,000,0.063
2015-04-29,0.063,0.063,0.063,0.063,000,0.063
2015-04-30,0.063,0.063,0.063,0.063,000,0.063
2015-05-01,0.063,0.063,0.063,0.063,000,0.063
2015-05-04,0.063,0.063,0.063,0.063,000,0.063
2015-05-05,0.063,0.063,0.063,0.063,000,0.063
2015-05-06,0.063,0.063,0.063,0.063,000,0.063
2015-05-07,0.063,0.063,0.063,0.063,000,0.063
2015-05-08,0.063,0.063,0.063,0.063,000,0.063
2015-05-11,0.063,0.063,0.063,0.063,000,0.063
2015-05-12,0.063,0.063,0.063,0.063,000,0.063
2015-05-13,0.063,0.063,0.063,0.063,000,0.063
2015-05-14,0.063,0.063,0.063,0.063,000,0.063
2015-05-15,0.063,0.063,0.063,0.063,000,0.063
2015-05-18,0.05,0.05,0.05,0.05,30000,0.05
2015-05-19,0.05,0.05,0.05,0.05,59900,0.05
2015-05-20,0.05,0.05,0.05,0.05,000,0.05
2015-05-21,0.05,0.05,0.05,0.05,000,0.05
2015-05-22,0.05,0.05,0.05,0.05,000,0.05
2015-05-25,0.05,0.05,0.05,0.05,000,0.05
2015-05-26,0.05,0.05,0.05,0.05,000,0.05
2015-05-27,0.05,0.05,0.05,0.05,000,0.05
2015-05-28,0.05,0.05,0.05,0.05,000,0.05
2015-05-29,0.05,0.05,0.05,0.05,000,0.05
2015-06-01,0.05,0.05,0.05,0.05,000,0.05
2015-06-02,0.05,0.05,0.05,0.05,000,0.05
2015-06-03,0.05,0.05,0.05,0.05,000,0.05
2015-06-04,0.05,0.05,0.05,0.05,000,0.05
2015-06-05,0.05,0.05,0.05,0.05,10000,0.05
2015-06-08,0.05,0.05,0.05,0.05,000,0.05
2015-06-09,0.05,0.05,0.05,0.05,000,0.05
2015-06-10,0.05,0.05,0.05,0.05,000,0.05
2015-06-11,0.05,0.05,0.05,0.05,000,0.05
2015-06-12,0.05,0.05,0.05,0.05,000,0.05
2015-06-15,0.05,0.05,0.05,0.05,000,0.05
2015-06-16,0.045,0.045,0.045,0.045,1400,0.045
2015-06-17,0.045,0.045,0.045,0.045,000,0.045
2015-06-18,0.045,0.045,0.045,0.045,000,0.045
2015-06-19,0.06,0.06,0.06,0.06,20000,0.06
2015-06-22,0.06,0.06,0.06,0.06,80000,0.06
2015-06-23,0.06,0.06,0.06,0.06,000,0.06
2015-06-24,0.06,0.06,0.06,0.06,20200,0.06
2015-06-25,0.06,0.06,0.06,0.06,129700,0.06
2015-06-26,0.06,0.06,0.06,0.06,000,0.06
2015-06-29,0.06,0.06,0.06,0.06,000,0.06
2015-06-30,0.06,0.06,0.06,0.06,000,0.06
2015-07-01,0.06,0.06,0.06,0.06,000,0.06
2015-07-02,0.06,0.06,0.06,0.06,000,0.06
2015-07-03,0.06,0.06,0.06,0.06,000,0.06
2015-07-06,0.041,0.041,0.041,0.041,15000,0.041
2015-07-07,0.041,0.041,0.041,0.041,5000,0.041
2015-07-08,0.041,0.041,0.041,0.041,000,0.041
2015-07-09,0.041,0.041,0.041,0.041,000,0.041
2015-07-10,0.041,0.041,0.041,0.041,000,0.041
2015-07-13,0.042,0.042,0.042,0.042,4500,0.042
2015-07-14,0.045,0.045,0.045,0.045,18000,0.045
2015-07-15,0.045,0.045,0.045,0.045,000,0.045
2015-07-16,0.045,0.045,0.045,0.045,000,0.045
2015-07-17,0.045,0.045,0.045,0.045,000,0.045
2015-07-20,0.045,0.045,0.045,0.045,000,0.045
2015-07-21,0.045,0.045,0.045,0.045,000,0.045
2015-07-22,0.045,0.045,0.045,0.045,000,0.045
2015-07-23,0.045,0.045,0.045,0.045,000,0.045
2015-07-24,0.045,0.045,0.045,0.045,000,0.045
2015-07-27,0.045,0.045,0.045,0.045,000,0.045
2015-07-28,0.045,0.045,0.045,0.045,000,0.045
2015-07-29,0.045,0.045,0.045,0.045,000,0.045
2015-07-30,0.045,0.045,0.045,0.045,000,0.045
2015-07-31,0.044,0.044,0.044,0.044,4500,0.044
2015-08-03,0.044,0.044,0.044,0.044,000,0.044
2015-08-04,0.044,0.044,0.044,0.044,000,0.044
2015-08-05,0.044,0.044,0.044,0.044,000,0.044
2015-08-06,0.05,0.05,0.05,0.05,70200,0.05
2015-08-07,0.05,0.05,0.05,0.05,000,0.05
2015-08-10,0.05,0.05,0.05,0.05,000,0.05
2015-08-11,0.05,0.05,0.05,0.05,000,0.05
2015-08-12,0.05,0.05,0.05,0.05,000,0.05
2015-08-13,0.05,0.05,0.05,0.05,100000,0.05
2015-08-14,0.05,0.05,0.05,0.05,000,0.05
2015-08-17,0.05,0.05,0.05,0.05,000,0.05
2015-08-18,0.05,0.05,0.05,0.05,000,0.05
2015-08-19,0.05,0.05,0.05,0.05,000,0.05
2015-08-20,0.05,0.05,0.05,0.05,000,0.05
2015-08-24,0.05,0.05,0.05,0.05,000,0.05
2015-08-25,0.05,0.05,0.05,0.05,000,0.05
2015-08-26,0.05,0.05,0.05,0.05,000,0.05
2015-08-27,0.05,0.05,0.05,0.05,000,0.05
2015-08-28,0.05,0.05,0.05,0.05,000,0.05
2015-08-31,0.05,0.05,0.05,0.05,000,0.05
2015-09-01,0.05,0.05,0.05,0.05,000,0.05
2015-09-02,0.05,0.05,0.05,0.05,000,0.05
2015-09-03,0.05,0.05,0.05,0.05,000,0.05
2015-09-04,0.05,0.05,0.05,0.05,000,0.05
2015-09-07,0.05,0.05,0.05,0.05,000,0.05
2015-09-08,0.05,0.05,0.05,0.05,000,0.05
2015-09-09,0.05,0.05,0.05,0.05,000,0.05
2015-09-10,0.05,0.05,0.05,0.05,000,0.05
2015-09-11,0.049,0.05,0.049,0.05,622200,0.05
2015-09-14,0.05,0.05,0.05,0.05,000,0.05
2015-09-15,0.05,0.05,0.05,0.05,000,0.05
2015-09-16,0.05,0.05,0.05,0.05,000,0.05
2015-09-17,0.05,0.05,0.05,0.05,000,0.05
2015-09-18,0.046,0.046,0.046,0.046,1800,0.046
2015-09-21,0.046,0.046,0.046,0.046,000,0.046
2015-09-22,0.046,0.046,0.046,0.046,000,0.046
2015-09-23,0.046,0.046,0.046,0.046,000,0.046
2015-09-24,0.046,0.046,0.046,0.046,000,0.046
2015-09-25,0.046,0.046,0.046,0.046,000,0.046
2015-09-28,0.046,0.046,0.046,0.046,29700,0.046
2015-09-29,0.046,0.046,0.046,0.046,000,0.046
2015-09-30,0.046,0.046,0.046,0.046,000,0.046
2015-10-01,0.046,0.046,0.046,0.046,000,0.046
2015-10-02,0.046,0.046,0.046,0.046,000,0.046
2015-10-05,0.046,0.046,0.046,0.046,000,0.046
2015-10-06,0.046,0.046,0.046,0.046,000,0.046
2015-10-07,0.046,0.046,0.046,0.046,000,0.046
2015-10-08,0.046,0.046,0.046,0.046,000,0.046
2015-10-09,0.046,0.046,0.046,0.046,000,0.046
2015-10-12,0.046,0.046,0.046,0.046,000,0.046
2015-10-13,0.046,0.046,0.046,0.046,000,0.046
2015-10-14,0.046,0.046,0.046,0.046,000,0.046
2015-10-15,0.046,0.046,0.046,0.046,000,0.046
2015-10-16,0.046,0.046,0.046,0.046,000,0.046
2015-10-19,0.046,0.046,0.046,0.046,000,0.046
2015-10-20,0.046,0.046,0.046,0.046,000,0.046
2015-10-21,0.046,0.046,0.046,0.046,000,0.046
2015-10-22,0.046,0.046,0.046,0.046,000,0.046
2015-10-23,0.046,0.046,0.046,0.046,000,0.046
2015-10-26,0.046,0.046,0.046,0.046,000,0.046
2015-10-27,0.046,0.046,0.046,0.046,000,0.046
2015-10-28,0.046,0.046,0.046,0.046,000,0.046
2015-10-29,0.046,0.046,0.046,0.046,000,0.046
2015-10-30,0.046,0.046,0.046,0.046,000,0.046
2015-11-02,0.046,0.046,0.046,0.046,000,0.046
2015-11-03,0.046,0.046,0.046,0.046,000,0.046
2015-11-04,0.046,0.046,0.046,0.046,000,0.046
2015-11-05,0.046,0.046,0.046,0.046,000,0.046
2015-11-06,0.046,0.046,0.046,0.046,000,0.046
2015-11-09,0.046,0.046,0.046,0.046,000,0.046
2015-11-10,0.046,0.046,0.046,0.046,000,0.046
2015-11-11,0.046,0.046,0.046,0.046,000,0.046
2015-11-12,0.04,0.04,0.04,0.04,15700,0.04
2015-11-13,0.04,0.04,0.04,0.04,000,0.04
2015-11-16,0.04,0.04,0.04,0.04,000,0.04
2015-11-17,0.04,0.04,0.04,0.04,000,0.04
2015-11-18,0.04,0.04,0.04,0.04,000,0.04
2015-11-19,0.04,0.04,0.04,0.04,000,0.04
2015-11-20,0.04,0.04,0.04,0.04,000,0.04
2015-11-23,0.04,0.04,0.04,0.04,000,0.04
2015-11-24,0.04,0.04,0.04,0.04,000,0.04
2015-11-25,0.04,0.04,0.04,0.04,000,0.04
2015-11-26,0.04,0.04,0.04,0.04,000,0.04
2015-11-27,0.04,0.04,0.04,0.04,000,0.04
2015-11-30,0.04,0.04,0.04,0.04,000,0.04
2015-12-01,0.04,0.04,0.04,0.04,000,0.04
2015-12-02,0.04,0.04,0.04,0.04,000,0.04
2015-12-03,0.04,0.04,0.04,0.04,000,0.04
2015-12-04,0.04,0.04,0.04,0.04,000,0.04
2015-12-07,0.04,0.05,0.04,0.05,18200,0.05
2015-12-08,0.05,0.05,0.05,0.05,000,0.05
2015-12-09,0.05,0.05,0.05,0.05,000,0.05
2015-12-10,0.05,0.05,0.05,0.05,000,0.05
2015-12-11,0.05,0.05,0.05,0.05,000,0.05
2015-12-14,0.05,0.05,0.05,0.05,000,0.05
2015-12-15,0.05,0.05,0.05,0.05,000,0.05
2015-12-16,0.05,0.05,0.05,0.05,000,0.05
2015-12-17,0.05,0.05,0.05,0.05,000,0.05
2015-12-18,0.05,0.05,0.05,0.05,000,0.05
2015-12-21,0.05,0.05,0.05,0.05,000,0.05
2015-12-22,0.05,0.05,0.05,0.05,000,0.05
2015-12-23,0.05,0.05,0.05,0.05,000,0.05
2015-12-24,0.04,0.04,0.04,0.04,2200,0.04
2015-12-25,0.04,0.04,0.04,0.04,000,0.04
2015-12-28,0.04,0.04,0.04,0.04,000,0.04
2015-12-29,0.04,0.04,0.04,0.04,000,0.04
2015-12-30,0.04,0.04,0.04,0.04,000,0.04
2015-12-31,0.04,0.04,0.04,0.04,000,0.04
2016-01-01,0.04,0.04,0.04,0.04,000,0.04
2016-01-04,0.04,0.04,0.04,0.04,000,0.04
2016-01-05,0.04,0.04,0.04,0.04,000,0.04
2016-01-06,0.04,0.04,0.04,0.04,000,0.04
2016-01-07,0.04,0.04,0.04,0.04,000,0.04
2016-01-08,0.04,0.04,0.04,0.04,000,0.04
2016-01-11,0.04,0.04,0.04,0.04,000,0.04
2016-01-12,0.04,0.04,0.04,0.04,000,0.04
2016-01-13,0.04,0.04,0.04,0.04,000,0.04
2016-01-14,0.04,0.04,0.04,0.04,000,0.04
2016-01-15,0.04,0.04,0.04,0.04,000,0.04
2016-01-18,0.04,0.04,0.04,0.04,000,0.04
2016-01-19,0.04,0.04,0.04,0.04,000,0.04
2016-01-20,0.04,0.04,0.04,0.04,000,0.04
2016-01-21,0.04,0.04,0.04,0.04,000,0.04
2016-01-22,0.04,0.04,0.04,0.04,2200,0.04
2016-01-25,0.04,0.04,0.04,0.04,000,0.04
2016-01-26,0.04,0.04,0.04,0.04,000,0.04
2016-01-27,0.04,0.04,0.04,0.04,000,0.04
2016-01-28,0.04,0.04,0.04,0.04,000,0.04
2016-01-29,0.04,0.04,0.04,0.04,000,0.04
2016-02-01,0.04,0.04,0.04,0.04,11200,0.04
2016-02-02,0.04,0.04,0.04,0.04,000,0.04
2016-02-03,0.04,0.04,0.04,0.04,000,0.04
2016-02-04,0.04,0.04,0.04,0.04,000,0.04
2016-02-05,0.04,0.04,0.04,0.04,000,0.04
2016-02-08,0.04,0.04,0.04,0.04,000,0.04
2016-02-09,0.04,0.04,0.04,0.04,000,0.04
2016-02-10,0.04,0.04,0.04,0.04,000,0.04
2016-02-11,0.04,0.04,0.04,0.04,000,0.04
2016-02-12,0.04,0.04,0.04,0.04,000,0.04
2016-02-15,0.04,0.04,0.04,0.04,000,0.04
2016-02-16,0.04,0.04,0.04,0.04,000,0.04
2016-02-17,0.04,0.04,0.04,0.04,000,0.04
2016-02-18,0.04,0.04,0.04,0.04,000,0.04
2016-02-19,0.04,0.04,0.04,0.04,000,0.04
2016-02-22,0.04,0.04,0.04,0.04,000,0.04
2016-02-23,0.04,0.04,0.04,0.04,000,0.04
2016-02-24,0.04,0.04,0.04,0.04,000,0.04
2016-02-25,0.04,0.04,0.04,0.04,000,0.04
2016-02-26,0.04,0.04,0.04,0.04,000,0.04
2016-02-29,0.04,0.04,0.04,0.04,000,0.04
2016-03-01,0.04,0.04,0.04,0.04,000,0.04
2016-03-02,0.04,0.04,0.04,0.04,000,0.04
2016-03-03,0.04,0.04,0.04,0.04,000,0.04
2016-03-04,0.04,0.04,0.04,0.04,000,0.04
2016-03-07,0.04,0.04,0.04,0.04,000,0.04
2016-03-08,0.04,0.04,0.04,0.04,000,0.04
2016-03-09,0.04,0.04,0.04,0.04,000,0.04
2016-03-10,0.04,0.04,0.04,0.04,000,0.04
2016-03-11,0.04,0.04,0.04,0.04,000,0.04
2016-03-14,0.04,0.04,0.04,0.04,000,0.04
2016-03-15,0.04,0.04,0.04,0.04,000,0.04
2016-03-16,0.04,0.04,0.04,0.04,000,0.04
2016-03-17,0.04,0.04,0.04,0.04,000,0.04
2016-03-18,0.04,0.04,0.04,0.04,000,0.04
2016-03-21,0.04,0.04,0.04,0.04,000,0.04
2016-03-22,0.04,0.04,0.04,0.04,000,0.04
2016-03-23,0.04,0.04,0.04,0.04,000,0.04
2016-03-24,0.04,0.04,0.04,0.04,000,0.04
2016-03-25,0.04,0.04,0.04,0.04,000,0.04
2016-03-28,0.04,0.04,0.04,0.04,000,0.04
2016-03-29,0.04,0.04,0.04,0.04,000,0.04
2016-03-30,0.04,0.04,0.04,0.04,000,0.04
2016-03-31,0.04,0.04,0.04,0.04,000,0.04
2016-04-01,0.04,0.04,0.04,0.04,000,0.04
2016-04-04,0.04,0.04,0.04,0.04,000,0.04
2016-04-05,0.04,0.04,0.04,0.04,000,0.04
2016-04-06,0.04,0.04,0.04,0.04,000,0.04
2016-04-07,0.04,0.04,0.04,0.04,000,0.04
2016-04-08,0.04,0.04,0.04,0.04,000,0.04
2016-05-02,0.013,0.013,0.013,0.013,000,0.013
2016-05-03,0.015,0.015,0.015,0.015,4500,0.015
2016-05-04,0.015,0.015,0.015,0.015,000,0.015
2016-05-05,0.015,0.015,0.015,0.015,000,0.015
2016-05-06,0.015,0.015,0.015,0.015,000,0.015


2016-05-09,0.015,0.015,0.015,0.015,000,0.015
2016-05-10,0.015,0.015,0.015,0.015,10600,0.015
2016-05-11,0.015,0.015,0.015,0.015,000,0.015
2016-05-12,0.015,0.015,0.015,0.015,000,0.015
2016-05-13,0.015,0.015,0.015,0.015,000,0.015


2016-05-16,0.015,0.015,0.015,0.015,000,0.015
2016-05-17,0.015,0.015,0.015,0.015,000,0.015
2016-05-18,0.015,0.015,0.015,0.015,000,0.015
2016-05-19,0.015,0.015,0.015,0.015,000,0.015
2016-05-20,0.015,0.015,0.015,0.015,000,0.015


2016-05-23,0.015,0.015,0.015,0.015,000,0.015
2016-05-24,0.015,0.015,0.015,0.015,22000,0.015
2016-05-25,0.015,0.015,0.015,0.015,000,0.015
2016-05-26,0.015,0.015,0.015,0.015,000,0.015
2016-05-27,0.015,0.015,0.015,0.015,000,0.015


2016-05-30,0.015,0.015,0.015,0.015,000,0.015
2016-05-31,0.015,0.015,0.015,0.015,000,0.015
2016-06-01,0.015,0.015,0.015,0.015,000,0.015
2016-06-02,0.015,0.015,0.015,0.015,000,0.015
2016-06-03,0.015,0.015,0.015,0.015,000,0.015


2016-06-06,0.015,0.015,0.015,0.015,000,0.015
2016-06-07,0.015,0.015,0.015,0.015,000,0.015
2016-06-08,0.015,0.015,0.015,0.015,000,0.015
2016-06-09,0.015,0.015,0.015,0.015,000,0.015
