Date,Open,High,Low,Close,Volume,Adj Close
2016-04-28,0.361,0.361,0.361,0.361,000,0.361
2016-04-29,0.361,0.361,0.361,0.361,000,0.361


2016-05-02,0.361,0.361,0.361,0.361,000,0.361
2016-05-16,0.361,0.361,0.361,0.361,000,0.361
2016-05-17,0.361,0.361,0.361,0.361,000,0.361
2016-05-18,0.361,0.361,0.361,0.361,000,0.361
2016-05-19,0.361,0.361,0.361,0.361,000,0.361
2016-05-20,0.361,0.361,0.361,0.361,000,0.361


2016-05-23,0.361,0.361,0.361,0.361,000,0.361
2016-05-24,0.361,0.361,0.361,0.361,000,0.361
2016-05-25,0.361,0.361,0.361,0.361,000,0.361
